-184249 43040 141209
-184249 83173 101076
-184249 89855 94394
-172061 77667 94394
-164936 43040 121896
-164936 45849 119087
-164936 75081 89855
-164936 81763 83173
-131908 37514 94394
-131908 62345 69563
-126329 37514 88815
-124803 34948 89855
-124803 43040 81763
-124803 56283 68520
-120687 37514 83173
-116228 21834 94394
-116228 38561 77667
-115576 23160 92416
-110022 34948 75074
-110022 53739 56283
-90501 -21289 111790
-87400 -66517 153917
-82739 -44281 127020
-82739 -21289 104028
-77988 34948 43040
-71543 -17272 88815
-71543 -545 72088
-67683 21834 45849
-65136 -61884 127020
-65136 -43633 108769
-65136 -38892 104028
-65136 -21289 86425
-63525 -14142 77667
-63525 9786 53739
-61884 -30800 92684
-61884 -21289 83173
-61884 -19800 81684
-60953 -33441 94394
-60395 -53792 114187
-60395 -43633 104028
-60395 -21289 81684
-60395 -17272 77667
-60395 9786 50609
-60395 14546 45849
-60395 21834 38561
-59203 -49566 108769
-53792 -38892 92684
-53792 -21289 75081
-52288 -19800 72088
-44281 -38892 83173
-44281 -30800 75081
-43633 -42792 86425
-42792 -38892 81684
-21289 -17272 38561
-21289 -545 21834
-17272 -545 17817
