-139388 -25627 165015
-139388 -339 139727
-139388 21676 117712
-139388 68979 70409
-138613 49049 89564
-105160 -44782 149942
-105160 -12552 117712
-98272 -44782 143054
-98272 27863 70409
-94945 -44782 139727
-94945 24536 70409
-93523 -49531 143054
-93523 17513 76010
-93523 23114 70409
-93515 -49539 143054
-93515 23106 70409
-93515 24536 68979
-92085 -25627 117712
-92085 2165 89920
-92085 6328 85757
-92085 21676 70409
-92085 23106 68979
-87922 2165 85757
-87922 17513 70409
-77847 -11717 89564
-64293 -25627 89920
-64293 -25271 89564
-64293 -11717 76010
-64293 23106 41187
-64293 27863 36430
-62574 -38138 100712
-62574 6328 56246
-62574 27863 34711
-60450 23106 37344
-52399 24536 27863
-49539 21676 27863
-44782 -44782 89564
-44782 -25627 70409
-44782 20246 24536
-44782 21676 23106
-43352 -42405 85757
-43352 -25627 68979
-43352 2165 41187
-43352 20246 23106
-43352 21676 21676
-42405 -28004 70409
-42405 19299 23106
-35505 -33474 68979
-29434 6328 23106
-28004 6328 21676
-25627 -11717 37344
-25627 6328 19299
-25271 2165 23106
