108952 Student108952 446 148 150 148
59521 Student59521 446 149 150 147
68828 Student68828 445 150 148 147
54341 Student54341 445 148 150 147
124676 Student124676 444 147 147 150
15775 Student15775 444 147 147 150
61060 Student61060 444 148 148 148
69649 Student69649 444 146 150 148
73119 Student73119 442 150 143 149
94164 Student94164 442 149 146 147
34125 Student34125 441 150 142 149
113095 Student113095 441 147 145 149
134505 Student134505 441 143 149 149
54757 Student54757 441 143 149 149
134300 Student134300 441 146 149 146
126050 Student126050 440 146 146 148
54503 Student54503 440 142 150 148
83026 Student83026 440 150 150 140
27272 Student27272 439 140 150 149
65293 Student65293 439 150 144 145
1992 Student1992 439 149 145 145
47579 Student47579 439 146 148 145
133214 Student133214 438 146 143 149
86867 Student86867 438 143 146 149
86560 Student86560 438 145 146 147
119429 Student119429 438 144 149 145
96184 Student96184 438 147 149 142
37250 Student37250 437 146 141 150
50973 Student50973 437 137 150 150
20811 Student20811 437 147 142 148
20693 Student20693 437 145 147 145
51704 Student51704 437 149 148 140
102060 Student102060 437 147 150 140
138290 Student138290 436 145 141 150
105373 Student105373 436 143 145 148
74008 Student74008 436 139 150 147
28607 Student28607 436 145 148 143
125126 Student125126 435 142 146 147
114745 Student114745 434 147 137 150
95403 Student95403 434 135 150 149
139060 Student139060 434 138 149 147
109983 Student109983 434 147 142 145
92833 Student92833 434 150 140 144
41155 Student41155 434 143 147 144
132258 Student132258 434 145 149 140
21487 Student21487 433 143 140 150
136861 Student136861 433 137 149 147
146652 Student146652 433 140 147 146
80042 Student80042 433 144 144 145
80668 Student80668 433 141 147 145
89328 Student89328 433 139 150 144
43787 Student43787 433 148 142 143
119885 Student119885 432 150 132 150
108355 Student108355 432 144 138 150
80064 Student80064 432 147 139 146
105521 Student105521 432 143 143 146
74530 Student74530 432 148 139 145
27248 Student27248 432 138 149 145
103050 Student103050 432 147 141 144
121374 Student121374 432 148 145 139
94556 Student94556 431 141 142 148
111845 Student111845 431 137 146 148
3984 Student3984 431 140 144 147
129317 Student129317 431 141 144 146
129243 Student129243 431 149 137 145
134963 Student134963 431 141 146 144
38552 Student38552 431 138 149 144
110916 Student110916 431 144 146 141
56384 Student56384 431 147 145 139
132339 Student132339 431 145 149 137
103515 Student103515 431 144 150 137
85404 Student85404 430 144 136 150
27594 Student27594 430 148 133 149
149145 Student149145 430 133 148 149
78828 Student78828 430 149 133 148
102045 Student102045 430 133 149 148
36154 Student36154 430 147 136 147
2340 Student2340 430 146 139 145
119208 Student119208 430 146 141 143
37152 Student37152 430 146 144 140
103907 Student103907 430 144 147 139
148627 Student148627 430 149 147 134
10718 Student10718 429 144 137 148
137540 Student137540 429 137 144 148
122197 Student122197 429 145 138 146
120102 Student120102 429 141 143 145
57175 Student57175 429 147 138 144
35258 Student35258 429 148 139 142
53477 Student53477 429 146 142 141
73411 Student73411 429 150 140 139
40546 Student40546 429 143 150 136
13363 Student13363 429 150 144 135
131134 Student131134 429 145 149 135
89075 Student89075 429 147 148 134
107798 Student107798 429 148 148 133
24494 Student24494 429 150 149 130
67184 Student67184 428 137 141 150
132577 Student132577 428 139 140 149
32422 Student32422 428 137 143 148
12435 Student12435 428 134 147 147
