91 262
1 13
1 18
1 69
2 9
2 15
2 16
2 28
2 35
2 61
3 6
3 15
3 18
3 49
3 58
3 90
4 30
4 59
4 87
5 37
5 47
5 76
5 79
6 21
6 35
6 70
6 74
7 24
7 24
7 30
7 34
7 43
7 50
7 70
7 82
8 39
8 56
8 63
8 67
8 82
9 39
9 65
9 65
9 68
9 71
9 80
10 18
10 21
10 29
10 30
10 36
10 41
10 67
10 67
10 76
10 90
11 13
11 14
11 30
11 36
11 45
11 59
11 64
11 72
12 53
12 62
13 14
13 40
13 44
13 62
13 81
14 31
14 33
14 62
14 66
15 21
15 31
15 89
16 18
16 22
16 28
16 33
16 44
16 83
17 25
17 51
17 52
17 84
17 87
18 84
19 56
19 72
19 80
20 22
20 30
20 52
20 54
20 84
21 25
22 54
22 57
22 84
23 31
23 39
23 50
23 61
23 77
23 86
23 86
24 26
24 34
24 36
24 40
24 42
24 44
24 70
24 83
25 29
25 64
25 85
26 53
26 63
26 79
26 80
27 31
27 65
27 67
27 72
27 73
28 32
28 54
28 55
28 67
28 74
28 80
29 39
29 64
29 90
30 83
30 89
31 38
31 68
31 70
31 81
31 83
32 39
32 52
32 54
33 42
33 59
33 85
33 88
34 65
34 84
35 51
35 54
36 56
37 46
37 63
37 65
37 71
38 40
38 40
38 41
38 53
38 58
38 65
38 74
39 72
39 72
39 77
39 80
40 52
40 81
41 43
41 58
41 81
42 47
42 50
42 56
42 68
42 75
43 72
43 73
43 73
43 83
44 66
44 70
44 81
44 88
45 48
45 61
45 62
45 77
45 80
45 88
45 90
46 48
46 66
46 73
47 51
47 51
47 58
47 58
47 61
47 73
47 79
47 82
48 59
48 80
49 51
49 66
49 76
49 79
50 75
51 79
52 60
52 77
52 87
52 90
53 55
54 61
54 63
55 68
56 59
57 66
57 85
58 68
58 71
58 77
59 71
59 74
59 77
59 83
60 62
61 64
61 90
62 80
64 83
65 84
65 88
67 73
67 76
68 78
69 75
69 78
69 79
71 88
72 76
75 78
75 81
75 83
75 91
78 82
80 84
80 91
81 86
82 85
83 86
84 89
87 88
88 89
88 91
