1999 2058
1 277
2 308
2 866
2 1745
3 1385
3 1851
4 57
5 480
5 1141
5 1710
5 1797
6 350
6 1704
7 716
7 750
7 1979
7 1985
8 1937
9 12
9 1518
10 559
10 725
10 1783
11 367
11 1236
13 170
13 1362
14 394
14 403
14 1700
15 1026
16 30
16 742
16 1213
16 1941
17 274
17 1976
18 254
18 1455
18 1818
19 1811
19 1925
20 169
20 325
20 1545
21 1390
21 1567
22 1877
23 677
23 947
24 1128
24 1265
24 1515
25 62
25 611
25 1998
26 979
27 104
27 1708
28 994
29 1327
30 319
30 752
30 824
31 258
31 817
32 630
32 886
32 1118
32 1462
33 952
33 1961
34 302
35 159
36 1454
36 1687
37 192
37 615
38 83
38 1626
39 217
39 732
40 57
40 371
40 754
41 799
41 1051
41 1991
42 1156
43 1853
44 79
45 1228
45 1660
46 283
47 1077
48 378
48 743
49 596
49 1634
50 164
50 553
50 1215
50 1221
50 1616
51 1918
52 325
53 665
53 1949
54 780
54 992
54 1497
55 96
56 218
56 549
56 1043
57 1579
58 793
58 1507
59 1247
59 1284
59 1321
60 871
61 156
62 1111
62 1780
63 1980
64 471
64 624
64 1243
65 746
65 1185
66 384
66 1566
67 1650
68 262
68 405
68 1058
69 265
69 359
69 873
70 916
70 1891
71 100
72 1539
72 1754
73 136
73 483
73 1328
73 1914
74 645
74 1626
75 220
75 228
76 1804
76 1902
77 845
77 1032
78 649
78 995
79 602
79 863
79 1073
80 1978
81 144
81 698
81 1151
81 1530
82 1441
84 196
84 594
84 1720
84 1859
85 1304
85 1970
86 1944
87 259
87 1559
88 215
88 686
89 1661
90 1525
90 1606
91 1278
92 376
92 1830
93 146
93 1233
94 867
94 874
95 862
95 1344
95 1905
96 1710
97 1677
97 1785
98 337
98 1293
98 1693
99 1392
100 358
100 884
101 328
101 1591
101 1683
102 1152
103 517
103 1883
105 1086
105 1868
106 158
106 851
107 1060
107 1927
108 787
109 1264
109 1529
110 467
110 619
110 1280
110 1402
111 799
112 968
113 372
113 778
113 1372
114 121
114 1567
115 1675
115 1992
116 1168
117 300
117 556
117 1702
118 1129
118 1659
118 1847
119 357
119 372
120 772
121 288
121 1479
121 1639
121 1732
122 426
122 509
122 1103
123 1437
123 1541
124 1654
125 753
125 1765
126 707
127 1264
127 1446
128 1395
128 1558
128 1597
128 1701
129 1124
130 1103
130 1686
131 1105
131 1779
132 911
132 1080
132 1663
133 1131
134 1277
134 1509
135 900
135 946
136 422
136 612
137 975
138 1129
138 1971
139 567
140 880
140 994
140 1418
140 1480
141 982
142 278
143 719
143 855
144 1286
145 1504
145 1969
146 1397
147 629
147 958
148 1498
149 576
150 685
150 1592
151 762
151 1229
152 513
153 1550
153 1696
154 350
154 1443
155 1086
156 1355
156 1579
157 1102
157 1768
157 1840
159 266
159 411
160 1404
160 1634
160 1921
161 1769
162 613
163 886
163 1265
164 388
164 1119
165 167
165 978
166 666
166 990
167 568
167 1943
168 1813
169 1361
171 710
171 909
172 722
173 1583
173 1848
174 279
174 363
174 1087
174 1661
174 1726
175 545
175 997
176 920
176 1097
177 1383
177 1764
178 500
178 730
178 1022
179 1091
180 329
180 891
180 897
180 1495
180 1822
181 464
181 518
182 1226
183 256
183 774
183 1666
184 210
184 1753
185 1411
185 1601
185 1766
186 1965
186 1983
187 1224
188 219
188 676
189 301
189 1536
189 1817
190 442
190 1408
191 689
191 1755
192 962
192 1255
192 1276
193 402
193 938
194 1040
194 1515
195 899
195 1131
195 1424
196 203
196 519
196 561
196 1120
197 704
197 1179
198 951
198 1417
198 1917
199 368
199 1444
200 1016
200 1031
200 1855
200 1966
201 1380
201 1387
201 1542
202 864
202 1537
202 1665
203 591
204 1078
205 563
205 909
206 744
207 640
207 1871
208 437
208 1172
208 1273
209 1705
211 1660
212 736
212 1236
212 1880
213 1595
214 681
216 1754
217 482
218 454
218 1518
218 1852
219 782
219 822
219 1596
221 996
222 736
223 261
224 722
225 1429
225 1883
226 1501
227 1750
228 634
228 709
228 957
229 1913
230 1633
231 1873
232 1650
233 718
233 1833
234 306
235 403
236 1462
236 1870
237 399
237 721
238 761
238 1444
239 1809
239 1952
240 1930
240 1993
241 920
242 466
242 846
243 550
243 1184
244 1492
245 1587
246 1476
247 507
248 566
248 1623
248 1924
249 789
250 954
250 1143
250 1554
250 1575
251 296
251 962
252 1026
253 863
253 1669
255 895
255 1712
256 1098
257 1962
257 1978
258 1871
259 1818
260 950
260 1961
261 614
263 1381
264 318
264 755
265 930
265 1266
266 961
266 1356
266 1619
266 1959
266 1987
267 668
267 966
268 657
268 987
268 1756
268 1833
269 1066
269 1123
269 1373
270 927
270 1125
270 1337
271 915
272 1612
273 661
273 993
274 291
274 1644
275 374
275 1642
276 550
276 802
276 1717
277 557
277 1631
278 1261
280 1455
281 526
281 789
282 1052
282 1471
283 362
283 837
284 1158
284 1975
285 385
285 589
285 1448
286 1749
287 1015
287 1031
287 1419
288 420
288 552
289 776
289 923
289 1381
290 1189
290 1294
292 1836
292 1927
293 1663
294 1479
294 1727
295 1447
296 1547
297 1174
298 650
299 443
299 1642
300 1076
300 1439
300 1441
301 996
301 1861
302 413
302 1474
302 1656
303 1124
303 1552
303 1796
303 1823
303 1849
303 1882
304 1796
305 1691
305 1871
306 1029
306 1381
307 1261
307 1702
308 1759
309 787
309 1358
310 552
311 1029
311 1135
312 1192
313 494
313 1360
314 1654
315 739
315 910
315 1120
315 1424
316 498
317 382
317 1306
318 1046
318 1860
319 1630
320 1630
321 796
321 1853
322 1199
322 1426
323 866
324 915
324 928
325 1671
325 1942
326 995
326 1001
327 1397
327 1581
327 1588
328 586
329 798
329 1725
330 862
331 348
331 1926
331 1969
332 475
332 676
333 1451
334 1321
335 565
335 683
335 1233
335 1285
335 1653
335 1775
336 1586
336 1781
338 1933
339 1286
340 1793
340 1975
340 1982
341 1326
342 643
342 1007
342 1188
343 419
343 1351
344 1406
345 380
345 407
345 1005
345 1110
346 1909
346 1999
347 472
349 448
349 728
349 1109
349 1420
350 440
350 1383
351 1154
351 1194
352 456
352 1170
352 1430
352 1714
353 1288
354 1688
355 780
356 1092
356 1388
358 534
359 894
359 1412
360 1933
361 390
361 650
362 708
363 383
363 416
363 1431
364 727
364 1836
365 1222
365 1231
366 475
367 495
368 713
369 618
370 597
370 1091
370 1275
371 1861
372 1358
372 1721
373 1020
374 800
374 1500
374 1524
375 543
377 1624
379 1242
380 1098
381 689
381 922
381 1315
381 1396
382 415
382 1023
382 1456
382 1827
383 1079
383 1713
384 932
386 1680
386 1703
387 1399
387 1580
388 1144
389 493
390 1440
390 1986
391 1078
391 1709
392 1665
393 1897
394 459
394 986
394 1442
395 739
396 1695
396 1990
397 1082
397 1302
398 1245
398 1486
399 1031
400 723
401 540
401 1764
402 439
402 669
402 681
402 695
403 1410
404 1385
405 1736
405 1782
406 462
408 654
409 985
410 1289
412 585
413 1594
413 1944
414 515
414 624
415 1623
416 1201
417 560
417 853
418 1475
419 1297
420 1263
421 621
421 1586
422 797
422 1469
422 1789
423 643
423 898
424 627
424 945
425 1061
425 1340
427 1254
428 1375
429 644
430 1412
431 853
431 1285
432 1009
433 570
433 1337
434 526
434 889
435 449
436 1203
436 1708
437 590
438 1391
441 536
441 1356
441 1920
442 790
442 872
442 910
444 465
444 618
445 469
446 1871
447 1060
447 1703
447 1824
448 651
449 1420
449 1879
450 832
450 845
451 1086
451 1661
452 1260
452 1562
452 1866
453 770
453 1892
455 620
457 497
458 1261
459 1834
460 1450
460 1453
460 1729
461 805
462 1192
462 1523
462 1974
463 1454
463 1558
465 584
465 1609
465 1887
466 702
466 1349
467 935
468 657
468 798
468 1888
468 1926
469 1283
470 896
470 992
470 1493
471 1472
471 1483
472 802
472 955
472 1416
472 1419
473 1673
474 490
474 673
476 572
477 1075
477 1372
477 1778
478 1278
479 1721
480 526
481 1678
481 1923
482 1344
482 1784
482 1977
483 741
484 994
484 1969
485 1008
485 1201
486 628
486 1377
486 1752
486 1836
487 1947
488 1435
489 685
489 892
489 1852
490 1050
491 700
491 773
491 1513
492 1099
493 729
493 1464
493 1845
494 964
494 1590
496 1485
496 1676
497 1133
497 1173
498 1440
498 1501
499 1069
499 1735
501 905
501 973
501 1272
501 1735
502 1105
502 1325
503 679
503 699
504 737
504 917
504 1952
505 1541
506 1653
507 1226
507 1324
508 629
508 1496
509 1788
510 1283
511 1624
511 1676
511 1877
512 625
512 946
513 800
514 1258
516 823
517 1122
518 1443
519 1470
519 1727
520 677
521 1995
522 1917
523 722
523 1194
524 1187
524 1292
525 587
527 1031
528 1151
529 1225
529 1318
530 710
531 874
531 1970
532 829
532 1933
532 1982
533 1574
535 965
535 1492
536 1101
537 703
537 1388
537 1792
538 1207
539 1465
540 951
541 1182
542 762
542 1379
543 926
543 1093
544 1718
545 1964
546 1344
547 1470
548 705
548 949
549 742
550 1211
551 805
551 1896
552 1216
554 1124
555 941
558 1307
560 1100
560 1687
562 1548
563 677
563 1152
564 1109
566 890
566 1538
567 629
567 786
567 1082
568 1357
569 995
569 1544
570 1620
570 1863
571 1477
572 1555
572 1661
573 1516
574 1157
574 1379
575 813
575 1809
576 1148
576 1843
577 1183
577 1414
578 758
579 644
579 1538
579 1939
579 1999
580 1700
581 726
581 1781
582 1657
582 1894
583 1040
584 1547
585 1239
586 976
586 1060
586 1772
587 840
587 1548
588 1382
589 662
589 1569
590 592
590 1578
590 1602
593 655
593 759
594 1092
595 1236
595 1415
595 1965
596 1202
598 709
598 1317
599 1415
599 1486
599 1877
600 1327
600 1921
601 678
601 1251
601 1627
602 1793
603 1528
603 1992
604 1555
605 1011
605 1641
605 1737
606 883
607 1788
608 614
609 1282
610 699
610 1400
610 1960
611 838
611 1648
612 1060
612 1928
613 777
613 1239
613 1282
614 1701
616 1503
617 815
617 1755
619 1399
620 1576
622 1685
623 849
624 1201
624 1606
625 1572
625 1638
626 1244
626 1388
626 1406
626 1829
627 875
627 1655
628 1423
630 1205
630 1410
631 1256
631 1975
632 1148
632 1766
633 1640
634 1010
634 1405
634 1886
635 899
635 1306
636 781
636 807
636 831
636 1512
636 1913
637 652
637 1565
637 1696
638 1380
639 1447
641 646
642 1980
643 1386
645 1918
646 955
647 1560
647 1584
648 697
648 836
649 1462
650 785
651 1563
652 923
653 934
654 1094
655 1093
656 1064
657 1681
658 1231
659 1571
660 1067
663 1405
664 1711
665 1669
666 709
666 1189
666 1258
666 1855
667 847
667 1171
668 1829
669 1313
669 1652
670 1614
670 1842
671 1276
671 1682
672 1354
672 1569
673 763
674 1457
675 893
675 1209
677 1191
678 1026
678 1970
679 1948
680 1010
682 805
682 1495
683 1117
684 1283
684 1450
685 1514
685 1617
686 1805
687 1988
688 787
688 1421
688 1980
690 1621
690 1890
691 1536
692 728
692 1561
692 1896
693 711
693 792
694 1977
695 1848
695 1902
696 1207
697 1401
697 1698
698 841
699 944
700 914
700 1774
700 1864
701 1745
702 1368
704 1463
705 1486
705 1546
706 1168
707 911
707 1305
707 1912
708 725
708 765
708 1910
708 1956
709 1175
709 1246
711 874
711 1012
712 1034
713 1508
713 1574
714 1510
714 1544
715 1053
716 1731
717 1823
718 882
718 1393
718 1628
718 1917
719 794
720 1961
722 1020
722 1036
722 1947
723 901
723 1531
723 1540
723 1961
724 885
724 1421
724 1805
725 1330
728 1072
731 1866
733 1181
733 1370
733 1517
734 948
734 1310
734 1447
734 1481
735 1181
735 1898
737 1154
738 1132
738 1626
739 1994
740 742
741 1021
743 1809
744 1129
744 1462
745 1460
745 1650
745 1722
746 1946
747 1403
748 1672
749 1027
749 1819
751 1281
752 1269
752 1878
754 1268
754 1594
755 1647
756 1452
756 1754
757 865
758 1104
758 1649
759 1114
760 881
762 1253
763 1238
764 979
764 1929
764 1959
765 1464
766 902
766 1438
766 1855
767 887
767 1068
767 1200
767 1332
767 1825
768 1586
769 1146
769 1316
769 1494
770 959
770 1815
770 1881
771 953
771 1378
772 1560
775 782
776 1030
776 1103
778 1951
779 860
779 884
779 915
781 1013
782 1551
783 1043
783 1121
783 1177
783 1413
784 1847
785 1481
786 1138
786 1389
786 1674
787 974
788 1680
789 1904
790 1376
791 1516
792 1773
793 1234
793 1294
795 906
795 1007
796 1194
796 1935
797 967
798 1280
800 1064
800 1730
801 1383
802 1593
802 1985
803 1301
803 1416
803 1765
804 1292
804 1318
806 1291
806 1835
807 1171
808 1355
809 1930
810 1500
810 1571
810 1851
811 1847
812 1398
812 1782
813 1769
814 1371
815 1531
815 1691
816 1246
816 1557
816 1690
818 975
818 1429
819 1050
819 1186
820 1649
821 1409
822 1089
823 1466
823 1604
824 1826
825 856
826 835
826 1719
827 919
827 1542
827 1723
828 1281
829 884
830 1161
830 1224
831 1159
833 1128
833 1364
833 1906
834 1165
834 1857
835 983
835 1767
835 1787
837 1430
837 1543
837 1751
838 1115
839 1910
840 1210
841 1620
842 1961
843 1193
843 1242
844 1052
844 1298
845 1296
846 1544
847 922
848 1362
848 1680
849 1251
849 1478
849 1873
850 1434
850 1840
851 1307
852 1670
853 1622
854 1109
855 1547
855 1854
856 1505
857 1427
857 1436
858 1478
858 1711
859 1153
859 1595
861 963
861 1173
861 1234
862 1864
864 967
864 1856
865 1081
865 1582
866 1742
868 936
869 1705
870 1329
870 1473
870 1664
871 1080
871 1485
871 1839
874 1825
874 1883
875 1024
876 1349
876 1713
877 956
878 1803
879 1060
880 1278
881 1153
883 1494
885 893
885 1964
888 1004
888 1072
888 1503
892 953
892 1872
894 1172
895 1581
897 1520
899 1487
900 1016
903 923
903 1447
904 1131
904 1228
905 1765
906 1161
906 1384
907 1008
907 1119
907 1282
908 1516
909 1090
910 1422
912 1240
912 1370
913 1067
913 1346
914 1354
916 1034
917 1065
918 1130
918 1556
919 1223
919 1684
920 1201
920 1926
921 1429
922 1549
923 1116
923 1499
924 1019
924 1096
925 1019
926 1313
926 1468
927 1047
928 1015
928 1144
929 1609
930 1794
931 1083
931 1197
931 1488
931 1848
933 1863
934 1094
934 1862
934 1996
935 1029
936 1336
936 1884
937 1735
938 993
939 1895
940 1437
940 1453
941 1054
941 1479
942 1250
943 1287
944 1353
946 1606
946 1607
947 1056
949 1286
952 1695
954 1078
954 1342
954 1343
956 1020
956 1106
956 1220
956 1543
956 1874
957 1099
958 1929
959 1301
959 1501
960 1291
963 1378
964 1348
967 1042
968 1552
969 1891
970 1848
971 1950
972 1230
973 1697
976 1484
977 1192
977 1241
977 1257
977 1489
977 1522
980 1987
981 1171
981 1185
982 1935
983 1256
984 1709
984 1829
985 1823
988 1749
988 1955
989 1086
991 1522
992 1049
992 1716
995 1791
996 1350
996 1699
996 1988
997 1856
998 1474
999 1036
999 1559
1000 1220
1002 1631
1002 1916
1003 1141
1003 1386
1004 1263
1005 1153
1006 1969
1007 1193
1008 1022
1009 1089
1010 1706
1011 1019
1012 1554
1014 1248
1016 1290
1017 1760
1018 1648
1019 1198
1019 1832
1024 1811
1025 1180
1028 1450
1030 1760
1032 1508
1033 1234
1034 1629
1034 1649
1035 1142
1037 1368
1038 1063
1039 1479
1040 1653
1040 1656
1041 1148
1042 1071
1042 1763
1043 1196
1043 1207
1044 1493
1045 1062
1046 1219
1047 1557
1048 1352
1048 1936
1049 1292
1049 1559
1050 1292
1050 1945
1052 1744
1052 1820
1053 1619
1055 1688
1057 1862
1058 1493
1058 1972
1059 1426
1060 1490
1062 1448
1063 1077
1063 1469
1064 1159
1067 1675
1068 1605
1070 1906
1071 1174
1071 1595
1072 1633
1073 1312
1074 1514
1075 1839
1077 1464
1078 1470
1081 1392
1083 1893
1084 1848
1085 1506
1086 1942
1087 1674
1088 1156
1088 1674
1090 1520
1091 1297
1092 1478
1093 1535
1093 1790
1094 1271
1094 1491
1094 1560
1095 1322
1095 1919
1097 1422
1098 1847
1100 1646
1101 1947
1102 1277
1102 1637
1103 1466
1103 1689
1103 1890
1103 1925
1105 1819
1105 1984
1106 1321
1106 1452
1107 1491
1108 1768
1110 1296
1111 1348
1112 1863
1113 1970
1118 1791
1122 1651
1123 1430
1124 1200
1124 1814
1126 1264
1127 1187
1129 1761
1130 1785
1130 1958
1134 1752
1135 1322
1135 1975
1136 1234
1137 1855
1139 1213
1140 1261
1140 1913
1141 1212
1142 1723
1142 1806
1143 1799
1144 1371
1145 1318
1147 1613
1147 1816
1148 1568
1149 1570
1150 1828
1153 1441
1154 1316
1155 1545
1160 1395
1160 1692
1161 1369
1162 1960
1163 1731
1164 1257
1164 1446
1165 1423
1166 1828
1167 1186
1168 1310
1169 1219
1170 1384
1171 1812
1175 1757
1176 1321
1176 1401
1178 1538
1179 1439
1179 1485
1180 1428
1182 1208
1183 1460
1189 1701
1190 1740
1190 1994
1191 1218
1191 1250
1191 1534
1191 1953
1192 1740
1195 1603
1197 1613
1198 1813
1199 1276
1200 1409
1201 1675
1204 1927
1206 1942
1207 1455
1208 1317
1213 1414
1213 1610
1214 1970
1217 1505
1219 1820
1219 1977
1220 1967
1221 1688
1222 1295
1222 1780
1223 1519
1224 1766
1226 1450
1226 1858
1227 1410
1227 1452
1228 1750
1230 1345
1232 1239
1232 1830
1233 1498
1234 1445
1234 1602
1235 1513
1237 1595
1237 1897
1240 1632
1240 1746
1243 1417
1245 1834
1248 1791
1249 1324
1250 1973
1252 1567
1253 1851
1254 1889
1255 1725
1259 1560
1262 1372
1262 1614
1262 1670
1263 1968
1267 1314
1267 1739
1268 1842
1269 1482
1269 1662
1269 1754
1270 1959
1274 1690
1274 1761
1275 1476
1279 1286
1279 1465
1281 1703
1284 1413
1285 1432
1285 1585
1287 1819
1288 1744
1289 1526
1289 1866
1291 1532
1291 1975
1298 1394
1298 1403
1298 1511
1298 1573
1299 1667
1300 1541
1300 1950
1303 1714
1304 1322
1304 1618
1304 1758
1305 1848
1307 1323
1307 1400
1307 1673
1308 1958
1308 1968
1309 1658
1311 1487
1311 1536
1314 1683
1319 1404
1320 1405
1321 1657
1324 1759
1325 1916
1325 1921
1325 1952
1326 1836
1331 1488
1333 1382
1334 1728
1335 1338
1335 1633
1339 1742
1339 1891
1340 1854
1341 1483
1341 1688
1345 1807
1347 1458
1347 1794
1349 1856
1351 1373
1353 1527
1355 1654
1357 1603
1357 1620
1359 1411
1359 1903
1359 1931
1363 1634
1365 1478
1366 1691
1367 1913
1369 1576
1373 1991
1374 1666
1374 1755
1374 1875
1375 1587
1378 1950
1379 1577
1381 1672
1382 1420
1383 1915
1385 1724
1391 1915
1392 1760
1402 1705
1406 1932
1407 1825
1417 1694
1417 1803
1418 1437
1418 1600
1422 1457
1423 1841
1425 1455
1428 1861
1433 1856
1433 1954
1435 1768
1435 1776
1436 1978
1441 1477
1443 1643
1443 1802
1444 1521
1449 1529
1450 1807
1451 1987
1454 1506
1455 1623
1455 1746
1456 1984
1459 1564
1459 1657
1461 1733
1461 1839
1461 1914
1462 1590
1462 1949
1464 1918
1467 1707
1468 1876
1468 1961
1470 1800
1474 1749
1475 1985
1483 1875
1483 1959
1484 1723
1484 1838
1484 1997
1488 1653
1491 1989
1492 1630
1492 1645
1498 1708
1502 1996
1505 1760
1508 1907
1510 1658
1511 1513
1511 1973
1514 1828
1514 1899
1515 1696
1516 1638
1526 1920
1527 1896
1529 1534
1530 1963
1532 1556
1533 1891
1535 1938
1536 1728
1538 1625
1541 1749
1542 1562
1544 1741
1548 1911
1551 1584
1552 1575
1553 1821
1554 1718
1554 1834
1560 1660
1560 1770
1566 1767
1570 1963
1577 1634
1580 1761
1583 1748
1587 1640
1587 1749
1588 1936
1589 1692
1591 1598
1594 1801
1597 1867
1599 1857
1604 1747
1605 1857
1608 1882
1610 1949
1611 1669
1612 1864
1613 1952
1615 1888
1618 1683
1623 1970
1635 1955
1636 1644
1636 1802
1637 1860
1642 1837
1648 1853
1649 1836
1654 1668
1654 1844
1658 1771
1664 1842
1667 1933
1674 1923
1677 1781
1679 1770
1679 1916
1685 1910
1687 1887
1693 1715
1697 1957
1700 1868
1700 1908
1706 1937
1707 1799
1707 1930
1707 1962
1713 1831
1715 1787
1722 1959
1731 1946
1734 1962
1738 1797
1743 1755
1753 1933
1761 1976
1762 1763
1764 1900
1773 1816
1777 1817
1780 1884
1786 1881
1793 1795
1798 1952
1808 1829
1810 1958
1815 1934
1821 1868
1832 1970
1833 1911
1833 1930
1833 1981
1844 1898
1846 1863
1850 1937
1855 1889
1860 1995
1862 1885
1863 1967
1865 1901
1869 1940
1869 1991
1893 1922
1895 1903
1901 1927
