1980 3979
1 86
1 462
1 701
1 1563
1 1689
1 1964
2 119
2 316
2 590
2 997
2 1134
2 1266
3 568
3 945
3 1930
4 565
4 795
4 918
5 893
5 943
5 1037
5 1473
6 406
6 478
7 1376
8 79
8 1024
8 1279
8 1556
9 152
9 346
9 570
9 1536
10 155
10 796
10 1518
10 1969
11 121
11 375
11 494
11 660
11 1173
11 1606
11 1691
11 1898
11 1978
12 104
12 192
12 227
12 1258
13 79
13 109
13 297
13 554
13 1464
14 514
14 702
14 876
14 1009
14 1687
14 1883
15 175
15 235
15 380
15 600
15 682
16 353
16 404
16 720
16 1202
16 1387
17 132
17 357
17 946
17 1079
17 1183
17 1324
17 1393
17 1489
18 565
18 1329
18 1611
18 1816
19 21
19 582
19 606
19 634
19 1396
20 936
20 1374
20 1557
21 251
21 1498
21 1716
21 1733
21 1734
22 294
22 1259
22 1948
23 1334
23 1361
23 1529
23 1532
23 1575
23 1895
24 45
24 150
24 1281
25 567
25 812
25 1001
25 1421
25 1577
26 359
26 541
26 1751
27 124
27 184
27 426
27 439
27 538
27 1173
28 46
28 853
28 1901
29 186
29 511
30 130
30 164
30 927
30 1053
31 1327
31 1973
32 72
32 301
32 1255
32 1875
33 293
33 1391
33 1954
34 313
34 790
34 993
34 1232
34 1245
35 149
35 517
35 799
35 1653
35 1669
35 1671
35 1879
35 1931
36 149
36 1328
36 1406
36 1784
37 112
37 1085
37 1197
37 1630
37 1734
37 1978
38 317
38 420
38 427
38 1371
38 1418
39 456
39 642
39 949
39 1180
39 1468
40 191
40 267
40 877
40 1057
41 311
41 1100
41 1305
41 1387
42 57
42 232
42 1142
42 1271
43 260
43 928
43 1440
43 1747
43 1915
44 1232
44 1557
44 1779
44 1830
45 309
45 811
45 1710
45 1801
45 1813
46 1166
46 1752
46 1878
47 73
47 125
47 947
47 1112
47 1953
48 271
48 628
48 908
48 1287
48 1401
48 1870
49 1337
50 91
50 504
50 619
50 1820
50 1857
50 1920
51 159
51 1212
51 1346
51 1745
52 105
52 207
52 387
52 880
52 1030
52 1099
52 1879
53 396
53 578
53 759
54 385
54 1005
54 1182
54 1923
55 1891
56 89
56 835
56 1958
57 312
57 1930
58 123
58 466
58 1101
58 1565
59 885
59 963
59 1051
59 1054
59 1288
59 1853
60 480
60 505
60 631
60 1218
60 1489
60 1646
60 1771
61 796
61 827
61 1347
61 1821
61 1977
62 441
62 809
62 963
62 1102
62 1162
62 1198
62 1211
62 1688
63 121
63 360
63 599
64 142
64 1045
64 1429
64 1813
64 1932
65 506
65 732
66 276
66 780
66 1409
66 1652
67 743
67 1023
67 1040
67 1044
68 192
68 301
68 666
68 1586
69 130
69 582
69 1266
70 333
70 481
70 543
70 953
70 1534
70 1786
70 1822
71 140
71 244
71 1058
71 1683
72 660
72 803
72 1863
72 1864
72 1907
73 143
73 570
73 1160
73 1736
74 405
74 576
74 1951
75 565
75 876
75 1140
75 1442
76 168
76 1224
76 1949
77 684
77 1469
78 575
78 675
78 722
79 517
80 605
80 647
80 1525
80 1822
80 1926
81 1641
81 1925
82 357
82 410
82 1426
82 1753
82 1948
83 471
83 696
83 1730
84 507
84 1347
85 393
85 505
85 894
86 232
86 518
86 1287
86 1314
86 1549
87 738
87 991
88 711
88 845
88 1471
88 1952
89 636
89 811
89 880
89 931
90 103
90 735
90 1280
90 1685
91 1321
92 725
92 1159
92 1203
92 1245
92 1326
93 962
94 307
94 459
94 1873
95 226
95 408
95 594
96 1304
96 1488
97 227
97 840
97 1114
97 1917
98 880
98 1349
98 1572
99 840
99 1213
99 1597
100 116
100 194
100 546
100 622
100 895
100 1017
100 1633
100 1781
101 376
101 688
101 800
101 1113
101 1354
101 1829
101 1937
102 963
102 1253
102 1442
102 1838
103 488
103 1032
103 1109
103 1530
103 1677
104 521
104 616
104 1040
105 934
105 1003
106 454
106 898
106 1189
106 1285
106 1402
106 1828
106 1917
107 1254
108 284
108 827
108 827
108 1150
108 1179
108 1603
109 240
109 515
109 603
109 652
109 982
109 1967
110 590
110 682
110 716
110 1798
110 1805
111 646
111 683
111 979
111 1426
111 1785
112 374
112 571
112 898
113 865
113 1098
113 1138
113 1524
113 1779
113 1799
114 160
114 1151
114 1315
114 1546
114 1877
114 1950
115 468
115 596
115 619
115 1607
116 338
116 846
117 141
117 992
118 492
118 944
118 1566
118 1616
118 1619
119 314
119 606
119 943
119 1096
119 1934
120 263
120 1196
121 479
121 570
121 733
121 827
121 966
122 167
122 1160
122 1812
123 522
123 1714
123 1887
124 375
124 465
124 518
124 868
124 1253
124 1339
124 1475
124 1715
125 322
125 407
125 604
125 933
125 954
125 1372
126 143
126 452
126 475
126 1256
127 137
127 305
127 786
127 906
127 1722
128 358
128 930
128 1679
128 1772
129 136
129 285
129 1012
130 378
130 520
130 1308
130 1777
130 1889
131 681
131 1121
132 529
132 833
132 1553
133 284
133 310
133 736
133 1021
133 1268
134 960
135 1009
135 1061
135 1263
135 1791
136 1373
137 507
137 577
137 770
137 1432
138 161
138 788
138 868
138 904
138 1016
138 1026
138 1444
139 1677
139 1845
139 1919
140 441
140 770
140 799
140 1080
140 1133
140 1381
141 1084
141 1097
141 1900
142 500
142 621
142 876
142 1604
143 154
143 754
143 1975
144 150
144 889
145 578
146 169
146 924
146 1056
146 1534
146 1627
146 1748
146 1831
147 1479
147 1720
148 461
148 613
148 1107
148 1251
148 1727
149 352
149 761
149 984
149 1199
149 1664
150 922
150 1878
150 1963
151 476
151 565
151 1522
152 581
152 1773
152 1819
153 232
153 369
153 586
153 1913
154 771
154 1400
154 1495
155 382
155 1793
155 1883
156 237
156 295
156 1077
156 1603
157 186
157 312
157 341
157 1517
157 1702
157 1765
157 1941
158 789
158 904
158 1572
158 1941
159 474
159 967
159 1843
160 536
160 868
161 260
161 346
161 1519
161 1812
162 785
162 850
163 860
163 1050
164 745
164 792
164 890
164 1027
165 474
165 507
165 856
165 885
165 1459
166 514
166 794
166 843
166 1040
166 1353
166 1663
167 589
167 1329
167 1460
167 1670
167 1895
167 1969
168 230
168 272
168 1294
169 332
169 1563
170 652
170 727
170 918
170 1221
171 1561
171 1859
172 353
172 904
172 1049
172 1543
172 1678
172 1694
172 1831
173 297
173 460
173 970
173 1282
174 533
174 549
174 624
174 658
174 1401
175 1116
175 1804
175 1866
176 272
176 488
176 667
176 1041
176 1341
176 1809
177 902
177 1336
178 565
178 593
178 1035
179 1318
179 1824
180 204
180 559
180 721
181 240
181 722
182 734
182 950
182 1546
183 387
183 741
183 1208
183 1447
183 1748
183 1855
184 514
184 676
184 1637
185 1489
185 1607
186 1340
186 1388
186 1739
187 537
187 1143
187 1144
187 1191
187 1462
188 681
188 739
188 990
188 1064
188 1125
188 1274
188 1575
188 1909
189 832
189 1064
189 1436
189 1444
189 1568
190 203
190 617
190 952
191 277
191 1492
192 798
192 1250
192 1261
193 702
193 885
193 956
193 1790
193 1895
194 834
194 1663
194 1815
195 650
195 872
195 1522
195 1872
196 224
196 964
196 1350
196 1711
197 349
197 979
197 1953
198 587
198 590
198 913
198 1027
198 1069
199 394
199 834
200 758
200 974
200 983
200 1006
200 1927
201 631
201 879
201 982
201 1084
201 1672
202 1528
202 1631
202 1808
202 1932
203 1036
203 1105
204 778
204 802
204 826
205 712
205 1676
205 1917
206 340
206 1319
206 1637
206 1682
207 797
207 1188
207 1379
208 289
208 691
208 980
208 1151
208 1200
209 242
209 250
209 833
209 1601
210 543
210 922
210 1183
210 1251
210 1724
211 392
211 415
211 422
211 718
211 922
212 579
212 925
212 1427
213 999
213 1747
214 347
214 1484
214 1656
215 836
215 1067
216 530
217 591
217 811
217 1503
217 1695
218 324
218 625
218 999
218 1077
218 1162
218 1261
219 563
219 637
219 892
219 940
219 942
219 1141
219 1405
219 1560
219 1893
219 1911
220 412
220 1532
220 1713
221 606
221 677
222 584
222 917
223 411
223 1102
223 1164
223 1233
223 1939
224 903
224 1178
224 1258
224 1372
224 1375
224 1481
225 550
225 906
225 1182
227 862
227 987
227 1725
228 650
228 1618
228 1635
229 485
229 503
229 956
229 1303
229 1442
230 244
230 580
230 1167
230 1951
231 1009
231 1251
231 1735
231 1800
232 567
232 619
232 1150
233 729
233 1796
234 556
234 1022
235 1060
235 1101
236 420
236 1064
236 1559
236 1632
236 1756
237 288
237 598
237 851
237 865
237 981
237 1550
237 1572
238 549
238 557
238 629
238 863
239 357
239 734
239 853
239 1085
239 1898
240 311
240 1502
241 459
241 1362
241 1460
243 872
243 1296
243 1399
244 765
244 993
245 466
245 714
245 1141
245 1337
245 1815
246 775
246 824
246 1056
246 1087
246 1388
246 1663
247 296
247 720
248 430
248 880
248 946
248 1457
248 1784
249 874
249 1657
250 1200
250 1350
251 273
251 278
252 1122
253 489
253 835
253 1712
254 982
254 1085
255 1456
255 1786
256 800
256 1499
256 1596
257 556
257 795
257 1762
258 541
259 426
259 491
259 509
259 757
259 1163
259 1652
260 628
261 1072
262 898
262 903
263 708
263 1569
263 1772
263 1781
264 599
264 1035
264 1169
264 1520
265 473
265 508
265 526
265 728
265 1369
265 1432
266 1522
266 1898
267 1121
267 1932
268 651
268 898
268 1542
269 992
269 1168
269 1768
270 588
270 1704
270 1861
271 292
271 446
271 1284
271 1637
271 1767
271 1836
271 1924
272 279
272 625
272 1853
273 769
273 793
273 825
273 894
273 1438
274 282
274 424
274 548
274 1321
274 1664
274 1671
275 520
275 1016
275 1638
275 1874
275 1922
276 368
276 454
276 1154
276 1702
277 524
277 547
277 633
277 832
277 1134
277 1734
278 705
278 1694
278 1779
278 1951
279 873
279 874
279 1266
279 1707
280 479
280 607
280 1061
280 1137
280 1140
280 1945
281 1068
281 1368
281 1710
281 1836
282 620
282 624
282 1046
282 1211
282 1439
283 351
283 1696
283 1909
284 591
284 1846
285 541
285 1080
285 1092
285 1131
286 491
286 948
286 1925
287 457
287 808
287 1187
287 1252
287 1897
288 299
288 422
288 1431
289 1373
289 1487
290 751
290 1676
290 1811
291 345
291 425
291 951
291 1573
291 1598
291 1602
291 1916
292 1231
292 1807
293 318
293 1443
294 666
294 733
295 698
295 1538
295 1567
295 1941
296 393
296 756
296 1900
297 631
297 637
297 910
297 1005
297 1194
298 645
298 672
298 1319
299 371
299 422
299 1255
299 1644
300 1024
301 1288
301 1891
302 699
302 724
302 1161
303 1349
303 1930
304 471
304 539
304 1626
304 1742
304 1947
305 1381
306 1339
306 1456
307 375
307 756
307 934
307 1366
308 509
308 736
308 1927
308 1980
309 478
309 721
310 778
310 1673
311 476
311 531
311 1952
312 933
312 1225
312 1428
313 583
313 808
313 1039
313 1142
313 1521
313 1707
314 1229
314 1513
314 1678
314 1895
315 918
315 1475
315 1656
316 948
317 364
317 1278
317 1802
318 505
318 963
318 1738
318 1857
319 761
319 1448
319 1760
319 1980
320 421
320 928
320 1264
321 988
321 1144
321 1351
321 1696
323 613
323 1214
323 1376
323 1564
324 1242
324 1276
324 1479
324 1491
325 525
325 533
325 852
325 1683
326 1455
326 1669
326 1811
327 361
327 463
327 720
327 1072
328 500
328 1399
328 1528
329 602
329 901
329 1154
330 884
330 1166
330 1300
331 1286
331 1782
332 1414
332 1979
333 654
333 877
333 1187
333 1393
333 1790
334 512
334 1080
334 1969
335 477
335 719
335 1025
336 402
336 505
336 641
336 737
336 777
336 842
336 1798
336 1965
337 402
337 526
338 629
338 827
338 1210
338 1498
338 1595
339 527
339 814
339 1088
339 1135
339 1581
340 423
340 475
340 1216
340 1659
341 355
341 518
341 864
341 1858
342 1048
342 1712
343 687
343 1203
343 1332
343 1374
344 351
344 858
344 909
344 921
344 1820
345 380
345 920
345 1301
345 1826
346 897
346 1119
347 608
347 693
347 1505
347 1789
348 526
348 851
348 1521
348 1943
349 808
349 1314
350 566
350 954
350 1528
350 1720
351 601
351 981
351 1657
352 482
352 628
353 1370
353 1970
354 398
354 411
354 663
354 1249
354 1702
354 1787
355 1358
355 1790
355 1973
356 1011
356 1421
357 1665
357 1794
358 653
358 1122
358 1136
358 1165
358 1238
358 1546
358 1695
359 698
359 1589
359 1976
360 1258
361 658
361 700
361 1147
361 1580
362 443
362 973
362 1814
363 1158
363 1393
363 1736
364 628
364 850
364 1261
365 413
365 1389
365 1913
366 396
366 930
366 1323
367 402
367 1146
367 1244
367 1408
367 1443
368 1231
368 1345
368 1515
369 1282
369 1900
369 1958
370 1177
370 1945
371 448
371 600
371 1007
371 1076
371 1126
372 833
372 1221
372 1734
373 627
373 731
373 1612
373 1961
374 459
374 716
375 1903
376 476
376 658
376 907
376 1346
376 1620
377 837
377 1596
377 1655
378 690
378 799
378 1063
378 1213
378 1233
378 1410
379 492
379 903
379 1031
379 1335
379 1840
380 1702
380 1924
381 1138
382 854
382 950
382 1374
382 1881
382 1886
383 446
383 606
383 1228
383 1835
383 1957
384 784
384 1736
384 1945
385 564
386 960
386 1230
386 1259
386 1422
386 1916
386 1967
387 441
387 714
387 1061
387 1152
387 1710
388 907
389 765
389 917
389 1531
390 789
390 1490
390 1822
390 1939
391 674
391 755
391 883
391 1574
392 405
392 1201
393 700
393 1212
393 1581
393 1967
394 824
394 1233
394 1812
395 1148
395 1192
396 705
396 1078
397 455
397 1649
397 1970
398 693
398 1372
398 1627
398 1647
398 1676
398 1806
399 592
399 831
399 1437
399 1745
400 416
400 1766
401 628
401 825
401 974
401 1557
401 1946
402 1765
403 979
403 1149
404 605
404 805
405 422
405 706
405 1731
405 1844
406 829
406 1478
407 1459
407 1639
408 1023
408 1176
408 1391
408 1841
409 681
409 1408
409 1477
411 514
411 1388
411 1697
412 651
412 676
412 883
412 1643
413 729
413 980
413 1338
413 1904
413 1951
414 1277
414 1420
414 1726
415 992
415 1021
415 1325
415 1396
416 904
416 940
416 1829
417 478
417 1654
418 545
419 569
419 1148
419 1217
419 1434
419 1614
420 1339
420 1684
421 532
421 1585
421 1806
422 1509
423 685
423 1758
424 766
424 872
424 1167
424 1355
424 1671
424 1693
425 1543
426 589
426 707
426 1478
426 1909
427 583
427 1170
427 1217
427 1348
427 1739
428 856
428 1565
429 454
429 996
429 1651
429 1712
430 557
430 694
430 702
430 760
430 1167
431 640
431 689
431 1038
431 1548
432 586
432 767
432 851
432 1346
433 481
433 632
433 821
433 863
433 992
433 1568
433 1576
433 1748
434 1229
435 1170
435 1781
436 672
436 1500
436 1953
437 842
437 893
437 972
437 1752
438 1044
438 1700
438 1831
439 650
439 726
439 1055
439 1188
439 1758
439 1927
440 1922
441 979
441 1075
441 1108
441 1340
441 1492
441 1596
442 457
442 1143
443 721
443 962
443 1951
444 615
444 1059
444 1242
444 1442
444 1536
445 503
445 1692
447 739
447 793
447 1502
447 1796
447 1897
448 503
448 1181
449 571
449 703
450 676
450 903
450 915
450 1130
450 1221
450 1553
451 719
451 1576
451 1936
452 861
452 1923
452 1954
452 1959
453 961
453 1681
453 1807
453 1857
454 512
454 1749
454 1943
454 1950
455 521
455 564
455 1574
455 1737
455 1840
456 479
456 1056
456 1629
457 1783
457 1810
458 661
458 900
458 1273
458 1301
458 1611
458 1836
459 971
459 1526
459 1540
459 1673
459 1893
460 580
460 609
460 1053
461 1087
461 1329
462 1369
462 1833
463 487
463 931
463 934
463 1762
464 1771
464 1827
465 467
465 1289
465 1582
466 873
466 997
466 1031
466 1381
466 1821
467 889
467 1280
467 1817
468 603
468 896
468 1164
468 1337
469 1018
469 1027
469 1706
470 657
470 1000
470 1755
471 668
471 826
471 1503
471 1704
472 688
472 1437
473 1203
473 1214
473 1596
473 1932
474 901
474 1287
474 1513
474 1957
475 871
475 1310
476 562
476 1071
476 1392
476 1901
476 1976
477 986
477 1264
477 1810
478 802
478 1557
479 588
479 705
479 747
479 1498
479 1827
480 1461
480 1587
480 1688
481 597
481 1463
481 1559
481 1914
482 1040
483 581
484 753
484 1002
484 1720
485 1041
486 592
486 1019
486 1269
486 1283
486 1763
487 565
487 950
487 1298
488 1029
488 1041
489 1333
489 1841
489 1971
490 499
490 1481
490 1685
491 661
491 1256
492 562
493 705
493 723
493 1027
493 1230
494 743
495 531
495 538
495 911
495 1022
495 1386
495 1575
495 1966
496 500
496 671
496 706
496 1658
496 1731
497 692
497 822
497 880
497 1122
497 1777
498 519
498 867
499 1164
499 1424
499 1605
499 1878
500 893
501 710
501 774
501 1790
502 742
502 1676
504 590
504 1099
504 1787
505 1252
505 1330
505 1507
506 1168
506 1856
507 1080
507 1352
507 1640
508 511
509 1419
509 1521
510 1126
510 1139
511 814
511 1642
512 746
513 1065
513 1617
514 812
514 1378
514 1490
515 583
515 781
515 1466
515 1880
516 574
516 1157
516 1329
516 1692
517 1493
519 814
519 1016
519 1197
519 1315
519 1442
520 709
520 954
520 1591
520 1707
520 1796
521 1453
521 1598
522 1119
522 1530
522 1730
523 1290
523 1955
524 791
525 659
525 724
525 1232
526 1336
527 973
527 1041
527 1343
527 1671
527 1945
528 846
528 1096
528 1894
529 1250
530 568
530 872
530 1269
531 1422
531 1438
531 1591
532 579
532 595
532 643
532 884
532 1121
532 1678
532 1783
532 1980
533 765
534 1076
534 1200
534 1453
535 612
535 968
535 1461
535 1609
536 1295
536 1665
538 1270
538 1636
539 1537
540 701
540 1236
540 1756
540 1907
540 1938
540 1977
541 944
541 1430
542 1450
542 1806
543 560
543 703
543 1737
544 640
544 812
544 838
544 1077
545 802
545 851
545 1049
545 1098
545 1288
546 583
547 965
547 1335
547 1345
547 1490
547 1617
547 1783
548 1166
548 1406
548 1747
548 1869
549 695
549 1129
549 1186
549 1225
549 1301
549 1378
549 1415
549 1828
550 625
550 712
550 1228
550 1248
550 1905
550 1973
551 813
551 1969
552 672
552 969
552 1317
552 1918
553 1430
554 1446
554 1516
554 1519
554 1568
554 1856
555 910
555 1214
556 1312
557 878
557 1488
558 1378
558 1839
559 776
559 881
559 1161
559 1756
560 1048
560 1200
560 1223
561 565
561 599
562 607
562 1243
562 1593
563 655
563 1111
563 1191
563 1619
563 1858
564 679
564 1549
565 1234
565 1330
566 932
566 1065
566 1324
566 1762
567 608
567 1352
568 1070
569 665
569 1343
569 1529
569 1716
569 1881
570 1652
570 1905
571 1952
572 1494
573 812
573 1407
573 1612
574 954
574 1666
575 1017
575 1071
575 1427
575 1493
576 702
576 1125
576 1642
576 1733
576 1832
576 1859
577 760
577 810
577 1016
577 1842
578 601
578 1002
578 1331
578 1834
579 635
580 1926
581 731
581 905
581 1359
581 1537
582 720
582 875
582 1446
582 1514
582 1714
582 1869
583 844
583 922
583 1704
583 1881
584 919
584 1428
584 1443
584 1620
585 923
586 620
586 1068
586 1547
587 638
587 1536
588 670
588 860
588 1699
589 595
589 622
589 1124
589 1470
590 801
590 1538
592 1478
593 784
593 1019
593 1281
593 1667
594 618
594 1131
594 1447
594 1633
595 923
595 1085
595 1530
595 1698
595 1949
596 1080
597 1083
597 1548
598 675
598 950
600 715
600 902
600 1495
601 712
601 1030
601 1316
601 1594
601 1715
602 690
602 1596
603 1393
604 607
604 772
604 1103
604 1182
606 1124
606 1889
607 715
607 928
607 1824
608 923
608 1369
609 1135
609 1701
610 1206
610 1270
610 1627
611 744
611 1163
611 1833
612 897
612 1301
613 943
613 1008
613 1898
613 1955
614 783
614 982
614 1055
614 1193
614 1317
615 988
615 1341
615 1650
615 1708
616 1358
617 677
617 695
617 1153
618 764
618 1111
618 1400
618 1955
619 892
620 1365
620 1601
620 1789
621 886
621 1757
621 1786
621 1790
622 838
622 1413
623 890
623 1956
624 1492
624 1634
625 793
625 888
625 1162
625 1177
625 1407
625 1603
626 1256
626 1693
627 653
627 1118
627 1260
628 704
629 1831
629 1967
630 800
630 883
630 1149
630 1570
631 980
631 1240
632 640
632 792
632 1298
633 647
633 1134
633 1578
633 1936
634 917
635 665
635 1911
636 1101
636 1537
637 702
637 1124
637 1963
638 1332
638 1389
638 1884
639 997
639 1327
640 1130
640 1412
641 1173
641 1200
641 1228
641 1520
642 1874
643 714
643 1561
643 1589
643 1621
644 1216
644 1517
645 899
645 1258
645 1766
646 680
646 1252
646 1338
647 764
647 828
647 1037
647 1121
647 1317
647 1342
647 1451
648 942
648 1149
648 1233
648 1503
648 1810
649 947
649 950
650 832
650 1577
651 1060
651 1254
651 1603
651 1963
652 939
652 1109
653 1357
653 1615
653 1644
654 659
654 1133
655 815
655 1895
655 1945
656 802
656 1560
657 1658
657 1847
658 819
658 896
658 1176
658 1737
658 1963
659 1498
659 1754
659 1893
660 1021
661 1871
662 783
662 1204
662 1400
663 1046
664 928
664 1069
664 1525
665 697
665 1010
665 1404
665 1679
665 1746
666 944
666 1435
666 1493
667 907
667 1936
668 1225
669 867
669 1888
670 1356
670 1595
670 1613
672 827
672 1192
672 1214
673 951
673 1098
673 1152
674 717
674 1546
675 1018
676 895
676 1947
677 908
678 1088
678 1143
679 1823
680 1040
680 1860
681 702
681 1029
681 1219
681 1509
681 1917
682 939
682 1318
682 1405
682 1787
682 1897
683 730
683 1286
683 1912
684 1309
684 1825
685 1505
685 1846
686 1344
686 1803
687 1132
687 1867
688 1798
690 1094
690 1189
690 1396
691 1081
691 1425
691 1576
692 915
692 1124
693 1145
693 1435
693 1444
693 1587
694 1113
694 1135
695 972
695 1498
696 1276
697 1335
698 829
698 896
698 931
698 1552
699 1635
700 1445
700 1812
701 1021
701 1528
701 1681
702 910
702 1289
702 1498
702 1755
703 1297
705 1177
706 899
706 1071
708 1544
710 1650
711 1444
711 1721
711 1906
712 957
712 1959
713 1122
713 1613
714 1433
715 1152
715 1844
716 899
716 1848
717 743
717 840
717 1817
718 1631
718 1672
719 984
719 1211
719 1287
719 1344
719 1587
719 1885
719 1954
720 1043
720 1455
720 1636
721 1187
721 1889
722 1438
722 1561
723 1039
723 1908
724 791
724 1625
725 1160
725 1312
725 1344
725 1591
726 846
726 959
726 1292
726 1864
726 1925
727 946
727 958
727 1018
727 1450
728 966
728 1118
728 1253
728 1481
728 1871
729 850
729 1812
729 1816
729 1848
730 764
730 856
730 861
730 961
730 1777
730 1884
731 891
731 1240
731 1633
732 1059
732 1536
732 1862
733 1493
734 978
734 1155
734 1216
734 1263
735 1279
736 1190
736 1656
737 749
737 897
737 1048
737 1080
738 742
738 1000
738 1051
739 1033
739 1353
739 1548
740 817
740 1064
740 1172
740 1463
740 1583
741 910
741 1583
741 1647
742 1565
742 1767
743 1039
743 1269
743 1766
744 1901
745 907
745 1458
745 1478
745 1877
746 806
746 1100
746 1168
746 1372
746 1391
747 839
748 1176
749 847
749 1398
749 1764
750 1229
750 1742
751 972
751 1389
751 1917
752 849
752 921
752 1828
753 829
754 896
754 1625
755 933
755 1231
755 1459
755 1643
755 1705
755 1839
755 1886
756 821
756 1329
756 1382
756 1434
757 996
757 1570
758 834
758 978
758 1599
759 1511
760 1929
761 790
761 1475
762 883
762 1330
763 935
763 999
763 1544
763 1741
764 1177
764 1333
765 1617
765 1633
766 1279
766 1803
767 1417
768 1259
768 1467
768 1646
768 1754
769 1094
769 1216
769 1226
769 1323
769 1980
770 1721
771 1004
771 1066
771 1638
772 1478
772 1618
773 822
773 1043
773 1494
773 1586
773 1749
773 1779
773 1870
774 1356
774 1454
774 1696
774 1964
775 1603
775 1959
776 794
776 1633
777 813
777 1235
778 998
778 1331
779 980
779 1549
779 1795
780 1277
780 1428
781 1721
781 1762
782 922
782 1115
782 1305
782 1361
783 1078
783 1378
783 1771
784 788
784 912
784 1198
784 1577
784 1616
784 1738
785 996
785 1407
785 1828
786 1080
786 1458
786 1550
786 1818
786 1980
787 823
787 1609
788 905
788 1088
789 849
789 1360
789 1846
790 860
790 1239
790 1420
790 1460
791 871
791 1701
792 850
792 1204
792 1206
792 1401
793 869
793 891
793 1781
794 854
794 1362
794 1458
794 1969
795 1249
795 1623
796 1664
797 919
797 1354
797 1752
797 1869
798 1371
799 1486
799 1814
799 1849
800 1587
801 1742
802 1107
802 1856
804 1521
804 1761
804 1907
805 1210
805 1260
805 1399
807 1068
808 1283
808 1740
809 852
809 990
809 1302
811 920
811 1007
811 1250
811 1569
811 1665
812 1189
812 1190
812 1666
813 899
813 1053
813 1399
813 1740
814 1445
814 1620
814 1693
815 1366
815 1429
816 1550
816 1719
816 1741
817 943
817 1098
817 1281
817 1649
817 1658
817 1940
818 991
818 1603
818 1706
819 827
819 1126
820 899
820 968
821 938
821 1283
821 1388
822 824
823 1027
823 1343
824 1066
824 1220
824 1333
824 1703
824 1775
824 1902
825 1151
825 1866
826 1195
826 1752
827 909
827 968
828 1147
829 990
829 1067
829 1269
830 1122
830 1124
830 1232
830 1513
830 1561
830 1564
831 1108
832 973
832 1567
832 1732
833 874
833 1396
833 1593
834 941
834 1373
834 1977
835 1337
835 1444
836 957
836 1509
836 1643
837 859
838 1044
838 1084
839 1237
839 1790
840 1092
840 1347
840 1393
840 1601
841 910
841 1461
841 1478
842 1061
842 1422
842 1624
843 883
843 1481
844 1239
844 1374
844 1574
844 1605
845 1444
846 1899
847 974
847 1314
847 1368
847 1879
848 1156
848 1192
850 897
850 1456
850 1803
851 1582
852 1549
852 1586
852 1590
853 904
853 1688
853 1727
855 1295
855 1884
856 1018
856 1791
857 997
857 1117
857 1248
858 1072
858 1273
858 1628
858 1779
858 1854
858 1925
859 890
859 1153
859 1929
860 1291
862 1294
863 1351
863 1501
863 1968
864 895
864 1448
864 1526
864 1660
864 1733
864 1881
865 1065
865 1944
866 1109
866 1277
866 1820
866 1904
868 1377
868 1547
869 1256
869 1865
870 1246
870 1320
870 1658
871 964
871 1102
871 1183
871 1683
871 1744
871 1753
872 1158
872 1643
872 1793
874 1287
874 1543
875 1433
875 1525
875 1869
876 966
877 1658
877 1794
877 1972
879 1791
879 1867
880 930
880 1527
880 1538
880 1866
881 942
881 1581
882 1083
882 1145
882 1580
882 1771
883 1519
885 1645
885 1807
886 1491
887 985
887 1611
888 988
888 1445
889 1021
890 1380
890 1868
891 1648
891 1729
892 1093
893 1654
893 1942
893 1969
895 1773
896 1007
896 1700
896 1801
897 944
897 1099
897 1767
898 1210
898 1870
899 1341
899 1724
901 994
902 1423
903 1077
903 1578
903 1607
903 1674
904 1039
904 1537
904 1863
905 1457
906 1223
906 1339
906 1437
906 1683
907 945
907 1305
907 1397
907 1441
907 1566
908 1100
908 1225
909 1818
909 1823
911 1116
911 1624
911 1818
912 1360
912 1568
913 1770
914 915
914 1416
914 1740
915 1440
916 1094
916 1339
916 1875
916 1917
917 1610
917 1748
918 957
918 1093
918 1322
918 1400
918 1880
918 1915
919 1245
919 1506
919 1914
921 1276
921 1636
921 1948
923 991
923 1312
923 1851
923 1871
924 1028
924 1836
925 1382
926 1037
926 1876
927 1013
927 1306
927 1889
929 1167
929 1317
929 1436
929 1496
930 943
931 1300
931 1391
931 1713
931 1870
932 1306
934 1094
934 1508
935 1386
936 1347
936 1383
936 1505
937 1120
937 1297
937 1800
937 1914
938 1023
938 1408
938 1936
939 1950
940 1023
940 1376
940 1380
941 977
941 1321
941 1968
942 1182
942 1352
942 1809
942 1910
942 1955
943 1439
943 1956
944 1066
944 1278
944 1608
945 1938
947 1316
947 1587
948 1282
948 1641
949 1048
949 1169
949 1516
949 1577
949 1660
950 1185
950 1206
950 1499
950 1611
950 1698
951 1523
951 1689
952 1108
952 1545
953 1724
955 1293
955 1449
955 1703
957 1010
957 1578
958 1508
958 1963
959 1231
960 1853
961 1561
962 1250
962 1278
962 1503
962 1694
963 1268
963 1859
964 1406
964 1650
964 1854
965 999
966 1022
966 1258
967 1288
967 1455
967 1768
967 1839
968 1649
968 1739
969 1615
970 1239
970 1307
971 1828
971 1938
972 1275
972 1349
973 975
974 1397
974 1455
975 1024
975 1065
975 1729
975 1788
976 1350
976 1376
976 1744
977 994
977 1058
977 1137
977 1167
978 1212
978 1773
978 1955
979 987
979 1520
980 1229
980 1826
981 1073
981 1979
982 1029
982 1726
983 1115
983 1156
983 1272
983 1672
985 1122
985 1593
985 1976
986 1826
986 1884
989 1439
989 1477
989 1527
990 1011
990 1924
991 1826
992 1482
992 1517
992 1552
993 1781
994 1174
995 1091
995 1196
995 1898
995 1941
996 1232
996 1285
997 1205
997 1244
997 1601
997 1713
997 1829
998 1287
998 1409
998 1818
999 1040
999 1812
1000 1203
1000 1502
1001 1364
1002 1318
1002 1897
1004 1171
1004 1909
1005 1784
1005 1882
1006 1024
1006 1182
1006 1647
1006 1655
1008 1253
1008 1625
1008 1733
1009 1202
1009 1792
1010 1052
1010 1486
1012 1100
1012 1459
1012 1903
1013 1306
1013 1475
1013 1772
1014 1270
1014 1743
1015 1374
1015 1543
1016 1427
1017 1331
1017 1626
1019 1094
1019 1697
1020 1748
1021 1133
1021 1614
1021 1812
1022 1775
1022 1840
1023 1282
1024 1233
1024 1248
1024 1720
1025 1122
1025 1572
1027 1704
1028 1032
1028 1068
1029 1534
1030 1694
1031 1078
1031 1839
1032 1706
1032 1758
1033 1726
1033 1929
1034 1521
1036 1790
1036 1947
1037 1262
1037 1592
1038 1382
1038 1891
1040 1481
1041 1421
1042 1177
1042 1844
1044 1120
1044 1659
1044 1920
1045 1097
1045 1464
1045 1831
1045 1884
1046 1397
1046 1500
1047 1145
1047 1146
1047 1575
1047 1846
1048 1139
1048 1647
1049 1700
1049 1874
1050 1089
1050 1645
1051 1384
1051 1722
1052 1626
1052 1857
1053 1062
1053 1819
1054 1109
1054 1514
1054 1675
1054 1920
1055 1154
1055 1323
1057 1286
1057 1616
1058 1635
1058 1977
1059 1257
1059 1469
1059 1719
1060 1591
1060 1843
1061 1266
1061 1613
1062 1330
1063 1925
1063 1933
1064 1786
1065 1194
1065 1680
1066 1312
1066 1328
1066 1650
1067 1407
1067 1789
1067 1809
1068 1691
1068 1805
1068 1828
1069 1296
1069 1404
1069 1644
1070 1106
1070 1171
1070 1616
1070 1957
1071 1137
1071 1968
1072 1891
1073 1787
1073 1919
1074 1312
1074 1542
1074 1701
1074 1938
1075 1668
1075 1711
1076 1428
1076 1681
1077 1290
1078 1263
1078 1568
1078 1754
1078 1786
1079 1294
1079 1572
1079 1805
1080 1222
1080 1888
1082 1688
1082 1854
1083 1490
1084 1644
1085 1244
1085 1618
1085 1793
1085 1885
1086 1549
1086 1810
1086 1852
1087 1730
1087 1966
1088 1628
1089 1117
1090 1145
1090 1184
1090 1254
1090 1770
1090 1834
1091 1533
1093 1279
1093 1370
1093 1484
1093 1850
1094 1576
1095 1155
1095 1726
1095 1854
1097 1433
1099 1345
1099 1448
1100 1238
1100 1774
1100 1902
1101 1351
1102 1128
1103 1140
1104 1685
1104 1725
1105 1454
1105 1694
1106 1670
1106 1934
1107 1722
1107 1815
1108 1404
1108 1839
1110 1151
1110 1973
1111 1842
1113 1231
1113 1870
1113 1953
1114 1263
1114 1707
1115 1327
1115 1612
1115 1979
1116 1442
1117 1242
1118 1614
1119 1648
1123 1336
1123 1410
1123 1765
1124 1779
1125 1238
1126 1213
1126 1472
1126 1955
1127 1213
1127 1584
1127 1607
1127 1692
1127 1957
1128 1513
1128 1859
1128 1876
1129 1663
1130 1385
1130 1783
1130 1854
1131 1277
1132 1593
1132 1884
1133 1942
1134 1573
1134 1640
1134 1687
1134 1973
1136 1148
1136 1172
1136 1930
1137 1197
1137 1320
1138 1343
1138 1377
1138 1503
1138 1740
1139 1467
1139 1583
1139 1972
1140 1726
1140 1818
1141 1890
1142 1772
1143 1323
1143 1957
1144 1467
1145 1788
1145 1835
1146 1624
1147 1184
1147 1279
1147 1861
1148 1276
1148 1544
1148 1580
1148 1789
1150 1328
1150 1480
1150 1881
1151 1765
1151 1879
1152 1519
1152 1627
1152 1764
1152 1841
1153 1205
1153 1797
1155 1364
1156 1242
1158 1647
1158 1658
1159 1396
1159 1398
1159 1485
1159 1889
1162 1938
1163 1787
1165 1962
1166 1555
1166 1753
1167 1746
1168 1458
1170 1226
1170 1397
1171 1687
1171 1761
1171 1781
1171 1903
1172 1181
1172 1662
1172 1908
1173 1452
1174 1248
1174 1346
1175 1391
1176 1656
1177 1718
1177 1800
1178 1271
1178 1794
1179 1951
1180 1340
1183 1422
1183 1837
1185 1355
1185 1570
1185 1752
1185 1794
1186 1235
1186 1359
1186 1476
1187 1358
1188 1300
1188 1610
1188 1709
1188 1720
1188 1811
1189 1265
1189 1775
1190 1335
1190 1672
1191 1280
1191 1297
1192 1587
1192 1714
1193 1760
1193 1786
1194 1799
1194 1917
1197 1611
1197 1902
1200 1499
1200 1910
1205 1680
1206 1309
1206 1364
1207 1398
1207 1424
1207 1761
1207 1970
1208 1389
1208 1795
1209 1446
1210 1710
1211 1416
1212 1590
1214 1583
1215 1339
1215 1554
1216 1561
1216 1917
1217 1577
1217 1787
1220 1870
1221 1302
1222 1436
1222 1501
1222 1847
1224 1454
1224 1524
1224 1689
1224 1824
1225 1973
1226 1429
1226 1821
1227 1236
1227 1670
1228 1624
1229 1379
1229 1888
1230 1518
1231 1810
1231 1855
1231 1867
1232 1245
1232 1546
1232 1577
1233 1308
1234 1549
1234 1609
1234 1734
1235 1443
1235 1810
1237 1901
1238 1259
1238 1898
1238 1974
1240 1629
1241 1913
1241 1945
1243 1259
1243 1357
1243 1481
1244 1664
1246 1612
1246 1709
1246 1731
1246 1923
1247 1315
1247 1549
1247 1632
1249 1850
1251 1411
1251 1954
1252 1542
1252 1800
1253 1282
1253 1379
1253 1519
1253 1757
1254 1261
1255 1578
1257 1804
1258 1416
1258 1514
1258 1607
1260 1925
1260 1955
1261 1946
1262 1376
1262 1670
1262 1673
1264 1871
1264 1937
1265 1374
1267 1466
1269 1603
1269 1700
1270 1603
1270 1691
1271 1520
1273 1623
1275 1441
1275 1557
1276 1546
1276 1916
1276 1970
1277 1771
1278 1720
1278 1836
1280 1604
1281 1433
1282 1423
1282 1833
1283 1823
1283 1851
1284 1611
1284 1886
1286 1900
1287 1609
1287 1888
1287 1965
1288 1777
1289 1925
1290 1587
1291 1442
1291 1652
1291 1784
1292 1491
1293 1390
1294 1689
1294 1908
1295 1298
1295 1450
1295 1529
1296 1870
1297 1819
1298 1424
1298 1663
1298 1931
1299 1620
1300 1774
1302 1608
1303 1686
1304 1447
1305 1537
1305 1607
1305 1824
1306 1589
1306 1751
1306 1772
1307 1499
1308 1372
1308 1377
1308 1484
1308 1666
1308 1686
1309 1408
1309 1628
1309 1932
1309 1949
1310 1340
1310 1437
1311 1660
1311 1676
1312 1539
1313 1521
1313 1873
1313 1961
1316 1422
1316 1974
1319 1891
1319 1965
1320 1520
1320 1712
1321 1495
1321 1563
1322 1603
1322 1904
1323 1928
1324 1849
1325 1392
1325 1452
1325 1515
1327 1666
1329 1854
1330 1857
1331 1623
1332 1499
1333 1571
1333 1580
1334 1813
1336 1452
1336 1471
1337 1955
1338 1520
1340 1940
1341 1447
1341 1928
1341 1934
1342 1408
1342 1565
1343 1833
1344 1649
1345 1633
1348 1432
1348 1560
1350 1604
1351 1434
1352 1544
1352 1896
1355 1667
1356 1513
1356 1566
1356 1879
1357 1386
1357 1465
1358 1393
1358 1407
1363 1755
1363 1822
1363 1924
1364 1414
1364 1719
1365 1514
1365 1620
1366 1739
1366 1765
1367 1915
1368 1972
1369 1526
1369 1588
1370 1468
1370 1932
1371 1714
1372 1658
1373 1525
1375 1444
1375 1573
1377 1459
1377 1558
1377 1670
1377 1903
1378 1817
1379 1550
1380 1617
1380 1725
1381 1892
1382 1747
1384 1661
1384 1780
1385 1424
1388 1713
1388 1805
1389 1474
1389 1534
1390 1797
1390 1797
1392 1719
1392 1887
1393 1451
1393 1558
1394 1721
1394 1744
1395 1422
1396 1445
1396 1887
1397 1671
1397 1726
1399 1729
1399 1968
1400 1470
1401 1434
1402 1924
1403 1444
1403 1457
1405 1605
1408 1907
1411 1593
1412 1791
1413 1494
1414 1471
1414 1502
1414 1860
1414 1913
1415 1468
1415 1532
1415 1702
1415 1728
1415 1772
1416 1555
1418 1446
1420 1469
1420 1952
1421 1738
1422 1767
1422 1870
1425 1926
1426 1728
1426 1838
1426 1876
1428 1631
1431 1576
1431 1750
1436 1904
1444 1452
1444 1920
1445 1635
1445 1712
1445 1889
1445 1969
1446 1659
1446 1698
1446 1824
1449 1541
1449 1684
1449 1965
1451 1497
1453 1590
1456 1544
1457 1778
1457 1980
1459 1763
1460 1517
1461 1506
1461 1924
1462 1581
1464 1600
1465 1637
1465 1818
1466 1515
1466 1636
1467 1502
1467 1702
1467 1738
1467 1821
1468 1482
1468 1722
1469 1901
1470 1478
1475 1840
1476 1725
1479 1912
1480 1701
1480 1969
1483 1497
1483 1604
1483 1844
1484 1879
1485 1514
1485 1594
1485 1737
1486 1771
1488 1665
1488 1727
1488 1914
1488 1946
1489 1743
1493 1746
1493 1823
1495 1516
1496 1656
1501 1940
1503 1599
1503 1887
1504 1599
1504 1882
1504 1962
1505 1511
1505 1921
1507 1865
1509 1510
1509 1831
1510 1585
1510 1625
1511 1538
1511 1706
1512 1580
1512 1934
1513 1912
1514 1824
1516 1547
1516 1855
1517 1540
1517 1545
1520 1791
1521 1685
1521 1858
1523 1820
1525 1614
1525 1911
1527 1965
1530 1554
1531 1702
1533 1905
1535 1738
1537 1730
1537 1757
1537 1892
1540 1854
1540 1927
1541 1682
1543 1688
1543 1735
1545 1635
1546 1797
1549 1641
1549 1653
1549 1970
1550 1736
1550 1795
1550 1892
1551 1563
1551 1979
1554 1593
1554 1723
1554 1933
1559 1746
1562 1718
1562 1807
1566 1939
1569 1757
1570 1585
1571 1729
1575 1850
1576 1935
1579 1696
1580 1654
1582 1894
1584 1638
1585 1609
1588 1968
1589 1861
1589 1888
1591 1900
1594 1842
1595 1950
1596 1597
1597 1700
1598 1960
1599 1932
1602 1769
1604 1747
1604 1896
1605 1685
1605 1873
1605 1895
1612 1951
1613 1687
1615 1851
1615 1880
1617 1753
1617 1774
1618 1622
1618 1675
1622 1864
1627 1907
1631 1675
1631 1958
1632 1948
1634 1737
1636 1694
1637 1786
1637 1807
1637 1935
1638 1706
1639 1781
1640 1859
1642 1806
1644 1742
1648 1748
1650 1696
1652 1833
1652 1863
1654 1727
1654 1735
1654 1814
1654 1839
1655 1778
1655 1938
1655 1952
1656 1709
1656 1858
1657 1927
1658 1695
1659 1667
1659 1722
1660 1688
1661 1717
1661 1921
1663 1669
1663 1953
1668 1892
1669 1820
1674 1759
1676 1750
1678 1713
1680 1711
1680 1722
1680 1903
1681 1971
1682 1957
1684 1743
1684 1766
1685 1892
1685 1923
1686 1759
1687 1751
1690 1726
1691 1795
1692 1737
1695 1712
1697 1962
1702 1979
1703 1868
1703 1935
1707 1741
1707 1863
1707 1944
1709 1715
1709 1797
1710 1771
1717 1943
1718 1906
1720 1725
1720 1882
1720 1899
1720 1900
1721 1852
1723 1752
1723 1906
1726 1769
1730 1791
1732 1967
1733 1957
1735 1738
1735 1776
1736 1762
1761 1802
1761 1872
1762 1876
1766 1822
1768 1950
1769 1852
1776 1803
1781 1931
1782 1863
1783 1913
1785 1816
1787 1965
1795 1944
1796 1874
1812 1918
1814 1970
1815 1858
1817 1861
1819 1973
1820 1905
1830 1833
1830 1901
1837 1854
1837 1954
1840 1963
1843 1958
1849 1884
1851 1907
1851 1955
1876 1908
1879 1946
1881 1926
1884 1896
1884 1977
1888 1922
1890 1965
1892 1943
1894 1912
1901 1939
1915 1944
1919 1920
1938 1974
1955 1969
1966 1978
