94 195
1 35
1 47
1 66
1 74
1 79
1 81
2 9
2 12
2 28
2 30
2 34
3 10
3 39
4 55
4 81
4 89
5 14
5 18
5 49
5 57
5 69
5 86
6 13
6 15
6 49
7 22
7 62
7 65
7 69
8 18
8 36
8 66
8 92
9 20
9 31
9 34
9 48
9 57
9 68
9 76
9 77
10 27
10 48
10 58
10 86
10 87
11 16
11 22
11 28
11 54
11 65
11 73
11 84
12 50
12 52
12 61
12 73
13 36
13 73
13 86
14 20
14 89
15 22
15 42
15 48
15 74
15 74
15 89
15 90
16 44
16 46
16 59
16 84
17 31
17 48
17 48
17 70
18 25
18 40
18 91
19 29
19 70
19 72
20 47
20 82
20 93
21 24
21 33
21 49
22 61
22 93
23 26
23 61
23 80
24 73
24 77
25 27
25 31
25 42
25 47
25 73
25 76
25 88
26 31
26 49
26 51
26 79
27 33
27 34
27 64
27 71
29 31
29 33
29 61
29 75
30 34
30 66
30 80
31 46
31 63
31 75
31 86
32 41
32 44
32 94
34 91
35 57
36 47
37 43
37 76
37 86
38 44
38 47
38 48
40 47
41 59
42 47
42 55
43 45
43 51
43 54
43 55
43 65
45 57
45 65
46 93
47 68
49 56
49 65
50 88
50 91
51 78
51 86
52 56
52 56
53 82
55 58
55 65
55 79
55 91
56 80
57 63
57 75
57 93
58 74
59 87
60 64
60 81
62 64
63 69
63 93
64 85
65 66
65 79
65 81
66 84
66 86
67 70
67 71
67 85
67 89
67 90
68 69
68 77
70 83
70 86
70 90
72 85
73 94
74 84
75 93
76 84
78 94
79 88
83 85
