1987 2364
1 815
1 979
1 1296
2 507
2 1763
2 1836
3 330
3 686
3 688
4 674
4 1098
4 1683
5 1957
6 173
6 1698
7 80
7 1121
7 1218
8 492
8 706
9 720
9 1381
10 160
11 535
11 1565
12 290
12 474
12 722
12 1013
12 1753
13 398
13 531
13 1930
14 197
14 524
14 764
15 283
15 600
16 1320
16 1808
17 69
17 410
18 234
18 1185
18 1862
19 815
19 930
19 1053
20 900
20 1681
21 888
22 199
22 518
22 557
23 1370
23 1440
23 1676
24 1606
24 1897
25 217
25 1547
26 176
27 212
27 1146
28 133
28 1674
28 1755
29 1574
29 1944
30 779
31 1076
31 1467
32 252
32 304
32 1157
33 271
33 678
33 1632
34 299
34 846
34 1116
34 1846
35 602
36 767
36 1160
36 1330
37 550
37 618
37 1046
37 1321
38 662
38 1173
38 1175
39 1337
39 1876
39 1928
40 1408
41 419
41 1266
41 1934
41 1944
42 221
42 617
42 906
43 651
43 1648
44 1027
44 1272
44 1395
45 998
46 114
47 61
47 139
47 287
47 785
47 805
47 1561
47 1596
48 1305
49 440
49 1732
49 1881
50 810
50 1885
51 1894
52 443
52 575
53 1517
53 1587
54 1085
54 1383
55 706
55 1150
55 1568
55 1593
56 1403
57 795
57 1061
58 528
58 574
58 1784
59 442
60 266
60 1423
61 1150
62 247
63 922
63 1900
64 814
64 1063
64 1316
65 742
65 779
65 1903
66 126
66 1275
66 1387
66 1556
67 1008
68 281
68 547
68 1231
69 554
69 939
69 1926
70 1283
71 318
71 1380
72 853
72 1134
72 1277
73 206
73 560
74 1603
75 489
75 490
75 1326
75 1921
76 127
76 443
76 1834
77 1246
78 202
78 795
78 802
79 1100
80 492
80 697
80 1614
80 1892
81 1393
81 1810
82 181
82 949
83 494
83 928
83 1360
83 1759
84 300
84 629
84 1375
84 1610
85 434
85 860
85 1801
86 430
86 911
86 1461
87 1394
87 1729
88 1209
89 115
89 641
89 896
89 1491
90 1363
90 1378
91 1489
92 962
92 1014
93 276
93 829
93 998
93 1007
93 1589
94 143
94 156
94 1576
95 760
95 1957
96 738
96 1746
97 925
97 927
98 702
98 1549
99 406
99 685
100 135
100 453
100 754
100 1869
101 234
101 1435
102 175
102 361
102 1597
102 1868
103 1099
103 1390
104 1043
104 1548
104 1582
105 525
106 223
106 1353
106 1522
107 936
108 435
108 1258
109 1260
109 1289
109 1584
110 1038
111 309
111 771
112 382
113 1323
114 213
114 1045
114 1667
116 145
116 1490
117 568
117 1657
117 1827
118 1966
119 219
119 917
120 570
121 891
121 1926
122 1904
123 1328
124 1609
124 1910
125 425
125 476
125 1684
126 1235
128 250
128 1489
129 514
129 872
130 482
130 1328
131 1204
132 436
132 850
133 225
133 529
134 1803
135 855
135 1325
135 1505
135 1646
136 368
136 1033
136 1848
137 967
137 1038
137 1442
138 233
138 1123
139 1248
140 238
140 484
141 1030
141 1443
142 335
142 1071
142 1107
142 1299
143 1635
144 781
144 1211
145 511
146 978
146 1304
147 316
147 1156
148 1708
149 928
149 1400
150 1427
150 1532
150 1552
151 677
151 725
151 898
152 950
152 1735
153 258
153 851
153 1852
153 1856
153 1955
154 1148
154 1154
155 1459
155 1910
156 364
156 911
157 330
157 1368
158 286
158 1978
159 1772
160 1748
161 331
161 493
162 1882
163 1047
163 1486
164 1893
165 792
165 850
166 370
166 1017
166 1217
166 1965
167 506
167 1925
168 439
169 323
169 1575
170 493
170 1107
170 1416
171 1111
171 1171
172 379
172 595
172 596
173 235
173 590
174 1281
174 1811
174 1880
175 213
175 1766
176 773
177 636
177 1979
178 1433
179 713
179 1483
179 1766
180 658
180 1539
182 1240
183 727
183 1433
184 1142
184 1512
184 1796
185 642
185 1242
185 1413
185 1892
186 427
186 768
186 888
186 1516
186 1793
187 1200
187 1774
188 555
189 683
189 1593
189 1829
190 1064
190 1098
191 724
192 977
193 200
193 1241
193 1947
194 883
195 934
195 1764
196 341
196 1626
196 1711
197 1493
197 1907
197 1951
198 349
198 735
198 1074
199 547
199 1048
199 1981
200 962
201 664
201 1029
202 240
203 622
203 1176
203 1798
204 1140
204 1301
205 508
205 1038
206 875
207 425
208 604
208 1690
209 616
209 1473
209 1911
210 563
210 1347
211 332
211 1509
212 272
212 627
212 645
212 1789
214 330
214 747
215 615
215 753
216 1173
216 1453
216 1472
217 1156
217 1526
218 291
218 526
218 1045
218 1436
219 482
219 558
220 274
220 1214
221 1935
222 499
222 1186
222 1668
223 237
223 656
223 1621
224 945
224 1108
226 1952
227 304
227 548
227 1906
228 263
228 728
228 1827
229 621
230 856
230 1686
231 1805
232 1790
233 901
233 1916
234 724
235 1272
235 1504
236 1130
236 1300
236 1547
237 1793
238 1238
239 820
239 1380
239 1467
239 1812
240 1452
241 1645
242 306
242 1059
243 662
244 908
244 1005
244 1214
244 1739
245 313
245 881
245 1609
245 1977
246 705
246 1648
247 750
247 1471
247 1938
247 1946
248 418
248 679
248 1628
248 1820
249 1828
250 1203
250 1917
251 1493
252 1969
253 1762
253 1827
254 1363
254 1515
255 1077
255 1233
255 1248
256 912
257 451
257 684
257 904
257 1982
259 1746
259 1777
260 1247
260 1708
261 859
261 1193
262 1282
262 1507
263 1449
264 745
264 780
264 1197
265 491
265 558
266 347
266 795
266 843
266 1872
267 553
267 690
267 1966
268 613
269 578
269 755
270 905
270 1747
271 378
271 1414
272 856
273 1281
273 1646
274 1005
274 1068
275 571
275 755
275 1629
276 1186
276 1559
276 1867
277 848
277 1933
278 340
278 1743
279 668
279 693
279 970
279 1262
280 464
281 955
281 1673
281 1673
282 362
282 1067
282 1926
283 920
283 1705
284 1937
285 439
285 461
285 944
285 1615
286 580
286 1941
287 711
288 667
288 1438
288 1482
289 484
289 1302
290 345
291 884
292 612
292 1197
292 1707
293 1013
293 1971
294 339
294 988
294 1334
295 1134
295 1699
295 1726
296 1165
296 1786
297 413
297 1888
298 1135
299 392
299 444
299 555
301 438
301 642
301 768
302 1825
303 447
303 552
303 1218
303 1663
304 1090
304 1339
304 1686
304 1903
305 558
306 396
306 932
306 1605
306 1979
307 354
307 1095
308 660
308 1549
309 380
309 1599
310 463
310 655
310 1304
311 1146
311 1796
312 1203
313 1262
313 1742
314 1190
315 718
316 495
316 1659
317 454
317 1214
318 1056
318 1927
319 405
319 520
319 898
319 1787
319 1891
320 1388
321 698
321 1008
321 1927
322 329
322 631
322 1183
323 845
323 974
323 1104
323 1671
323 1821
324 330
324 387
324 922
325 826
325 1363
326 537
326 545
326 1393
326 1789
327 965
327 1737
328 978
328 1068
329 814
329 1141
332 625
333 410
334 868
334 910
334 1267
334 1497
335 681
335 822
336 1362
336 1371
336 1812
337 1207
337 1953
338 1060
338 1101
338 1884
339 478
339 1693
340 897
340 1494
340 1603
342 692
343 1585
344 830
344 1247
344 1475
345 1314
345 1618
346 416
346 1719
347 426
348 704
349 1509
349 1809
350 1712
350 1775
350 1979
351 1044
352 863
352 1096
353 683
354 601
354 1381
354 1966
355 602
355 1535
355 1815
356 504
356 1662
356 1859
356 1897
357 422
357 1366
358 1354
358 1791
359 1164
359 1877
359 1929
360 600
361 686
362 609
362 622
362 660
362 680
362 1539
362 1697
363 471
363 512
363 1925
365 412
365 772
365 778
365 1070
365 1591
365 1625
366 473
367 930
367 1022
367 1772
368 649
368 671
369 470
369 522
369 558
369 1130
370 610
371 692
371 699
372 1197
372 1664
372 1762
373 573
373 889
374 564
375 550
375 1748
376 1806
377 608
377 1652
377 1849
378 982
379 451
380 1536
381 1664
382 737
383 1906
384 707
384 1299
385 773
385 1375
386 668
386 1039
386 1105
387 856
387 1247
387 1585
387 1798
387 1887
388 511
388 1271
388 1581
389 1835
390 517
390 968
390 1629
391 793
391 832
392 417
392 916
393 689
393 1694
394 1890
394 1937
395 1491
395 1757
396 1440
397 947
397 1561
397 1947
399 578
399 1598
400 518
400 1728
400 1865
401 1598
402 751
402 1493
402 1736
403 1850
404 658
404 1016
404 1835
405 1177
405 1308
405 1516
405 1619
405 1711
405 1858
405 1969
405 1970
406 985
406 1203
407 529
407 1405
407 1420
407 1458
407 1802
408 1867
409 706
409 1277
409 1928
410 476
410 502
410 1451
411 624
411 652
411 1297
411 1304
412 541
412 1149
412 1554
413 858
413 1813
414 942
414 1924
415 533
415 937
415 1299
415 1942
417 1777
418 1806
419 1625
420 910
420 1315
421 998
422 1085
423 1465
424 917
424 1691
425 671
425 1467
426 471
426 495
426 640
427 1360
428 556
428 1337
429 665
429 1112
430 652
431 513
431 605
431 789
432 1693
433 762
433 1333
434 1266
434 1650
436 1544
437 662
437 1086
437 1710
438 440
439 560
439 1456
440 1061
441 478
441 566
441 931
441 1034
441 1653
442 1668
444 764
444 1715
445 1032
445 1103
446 460
446 728
446 1696
447 625
448 1971
448 1977
449 588
449 867
449 1966
450 1386
450 1929
451 490
452 804
452 1501
453 1915
455 632
455 1640
456 661
457 824
457 903
458 1450
459 838
460 1046
460 1097
460 1705
461 1027
461 1665
461 1832
462 1228
463 1447
463 1546
463 1669
464 934
464 1097
464 1384
464 1796
465 1381
466 693
466 1110
467 725
467 1701
467 1713
467 1719
468 1429
469 673
469 1245
470 583
470 793
471 851
471 1372
472 630
472 1106
473 474
473 1515
473 1524
473 1671
474 1560
474 1723
475 730
475 874
475 962
475 1702
475 1936
476 886
477 794
477 955
479 1305
479 1912
479 1960
480 487
480 1819
481 1710
482 521
482 847
482 1196
482 1414
483 1646
484 1474
485 1264
486 541
487 851
488 814
488 922
490 1184
490 1860
491 552
491 850
491 921
492 776
492 1958
492 1961
493 810
493 1855
493 1958
494 606
494 945
494 1470
495 593
495 1621
496 742
497 570
497 1062
498 975
498 1377
498 1728
499 809
499 941
499 1051
499 1391
499 1459
500 646
500 1003
501 543
501 800
501 1662
503 543
504 1211
505 740
505 924
507 1046
507 1082
507 1860
508 830
508 1450
509 534
509 827
509 1008
510 732
510 1879
511 712
511 1063
511 1230
512 1709
513 1591
514 1924
515 601
515 751
515 1620
515 1627
515 1927
516 800
516 894
516 1388
516 1829
518 682
519 1642
519 1824
520 1469
521 1048
522 1631
522 1711
522 1862
522 1883
523 1431
523 1556
524 1031
525 1361
526 1220
526 1373
526 1885
527 1233
527 1837
528 687
529 548
529 1160
529 1312
529 1634
530 926
531 1389
531 1456
531 1669
531 1749
532 712
532 1060
535 569
535 647
535 1060
535 1598
535 1942
536 658
537 1237
538 626
538 1081
538 1689
539 613
539 1045
539 1773
539 1833
540 1467
541 893
541 1087
542 761
543 586
543 1139
543 1544
544 1400
544 1700
544 1825
546 734
546 1877
547 1622
549 1261
550 971
551 1441
551 1646
552 1112
552 1804
553 1028
553 1352
554 1437
556 1590
556 1695
557 1546
558 690
558 1324
559 843
559 1985
560 583
561 715
561 844
562 1311
563 1072
564 689
564 1173
565 1412
566 1246
567 1387
568 583
570 1013
571 1508
572 1144
572 1322
573 680
573 1361
573 1751
573 1939
574 606
575 1071
575 1794
576 743
576 1730
577 1875
578 862
579 1195
579 1634
579 1739
580 1286
581 1552
582 1877
583 752
583 913
584 1035
584 1679
585 662
585 816
586 1607
587 672
587 1213
587 1456
589 1712
590 706
590 836
591 1232
591 1273
591 1894
592 631
593 1601
594 657
594 787
594 848
594 1255
594 1619
595 694
595 1259
595 1962
596 856
596 1830
597 747
598 990
598 1335
598 1483
599 787
599 1577
600 659
602 1011
602 1426
603 1006
603 1645
604 1690
605 840
605 1885
607 1089
607 1296
608 959
608 1135
608 1332
608 1732
609 1740
609 1882
610 1124
611 1319
611 1918
612 1085
613 1706
614 919
614 1642
615 1647
617 690
617 837
618 912
618 1832
619 803
619 1410
619 1547
619 1601
620 876
620 1379
620 1896
621 707
621 866
621 1281
622 991
622 1569
623 1008
623 1012
623 1981
626 1785
627 1242
627 1689
628 1899
629 1905
630 1023
630 1544
630 1781
631 638
631 1417
632 1072
633 1386
633 1839
634 978
635 1042
635 1162
637 674
637 976
637 1841
639 730
639 1015
639 1526
640 1031
640 1330
641 1520
642 1462
643 1091
643 1269
643 1539
644 895
644 1344
644 1765
647 1345
647 1461
648 1709
649 853
649 1054
649 1582
649 1721
650 738
650 1326
651 930
652 714
652 1514
653 1034
654 712
656 1656
659 1073
660 661
662 915
662 1954
663 1380
664 1264
664 1918
666 869
666 942
666 1310
667 1093
667 1652
669 1012
670 1002
670 1307
670 1448
671 806
671 1537
673 1808
674 1772
675 1627
675 1629
676 1342
679 1576
680 1069
680 1182
681 773
685 834
685 1346
685 1508
685 1950
686 1031
686 1361
687 842
687 1303
687 1683
688 1207
688 1718
689 922
689 1145
691 962
691 1741
692 1967
694 1006
694 1148
695 1673
696 1256
696 1723
696 1860
698 1656
699 790
699 892
699 1240
700 1891
701 1891
702 837
703 1172
703 1874
704 1586
705 1123
705 1189
707 1382
708 1660
708 1901
709 1088
709 1291
709 1640
710 964
710 989
710 1201
710 1841
711 1290
711 1744
712 831
712 1174
712 1976
713 1945
714 1018
715 786
715 1338
715 1810
715 1940
716 1125
716 1363
717 1904
718 1036
719 944
719 1480
719 1806
720 759
720 1242
720 1706
721 1003
722 1862
723 747
723 825
723 857
723 1293
723 1603
724 1297
724 1323
725 1081
726 1225
726 1593
727 920
727 1469
728 1229
729 888
731 1544
731 1881
732 1613
733 976
734 1084
735 1935
736 1563
737 938
737 963
737 1488
737 1771
737 1912
738 874
738 943
739 1155
739 1607
739 1935
741 1636
742 745
742 1851
743 1492
743 1592
744 900
745 849
745 1607
746 1498
746 1574
747 784
747 1142
748 1026
749 1175
749 1748
750 1674
751 806
752 1019
752 1447
753 1262
753 1418
753 1487
753 1788
754 1185
754 1584
755 1082
756 1235
756 1660
756 1881
757 767
757 1238
758 1270
759 808
760 827
761 1080
761 1111
761 1654
762 800
762 1692
763 806
764 1148
764 1157
765 1539
766 1774
767 951
767 1907
768 992
768 1242
769 1361
770 1446
771 994
773 1555
774 884
775 1956
776 921
777 1208
777 1626
777 1980
778 1437
779 1380
780 1505
780 1807
781 1003
781 1459
782 805
782 1610
783 838
783 1675
784 1402
784 1655
784 1667
785 1244
785 1750
785 1882
786 1071
787 1768
788 1186
790 1641
791 990
791 1296
792 1136
793 1114
793 1246
794 826
794 1151
794 1202
796 1914
796 1968
797 1199
797 1548
798 958
798 1350
799 1096
800 1294
800 1811
801 1579
801 1941
802 1491
803 1843
806 1173
806 1890
807 1369
808 1543
810 1222
810 1266
810 1624
811 1589
812 911
813 1843
815 901
815 979
815 1585
816 1410
817 1429
817 1727
818 879
818 1501
819 1586
820 1113
820 1747
820 1807
821 1637
821 1687
822 1391
823 1621
824 1748
824 1754
824 1943
824 1979
825 965
825 1190
826 1664
827 1958
828 1283
828 1932
829 1320
829 1584
830 1123
832 1251
832 1507
833 1720
834 881
834 1086
835 841
835 983
835 1681
837 1205
838 1083
838 1359
838 1843
839 1300
839 1677
842 1398
842 1860
844 1523
844 1608
846 1182
848 961
848 1349
849 1001
849 1553
850 1422
850 1811
852 1046
853 1900
854 1940
856 911
856 1524
856 1968
857 1004
857 1307
857 1314
858 1892
859 1292
860 1385
860 1972
861 862
861 1249
861 1941
862 1021
863 1639
864 954
864 1070
865 1096
867 980
868 1073
868 1444
869 934
869 1638
870 1209
870 1848
871 1185
872 1457
873 1276
873 1437
875 912
877 974
878 1349
880 1221
881 929
881 1919
882 927
882 1725
882 1959
883 1824
884 1502
884 1687
885 1287
885 1311
885 1884
886 1966
887 953
888 963
889 1363
890 1672
891 1492
892 899
892 1113
892 1248
893 1025
893 1702
893 1878
895 1680
896 1734
897 1580
901 1933
902 1013
902 1128
906 1292
907 1675
909 1560
910 1828
911 1968
912 1841
914 966
914 1210
918 1101
919 1413
920 1257
920 1752
921 1423
922 1658
922 1920
923 1616
924 981
924 1814
925 1289
925 1924
926 1017
927 1428
929 1327
929 1888
930 1713
931 1513
932 1775
933 1338
933 1859
934 1471
935 1369
936 977
936 1336
939 1023
939 1279
939 1643
940 1354
940 1479
941 1688
942 1226
943 1310
945 1077
946 1116
946 1613
947 1853
948 1009
948 1695
949 1342
949 1679
950 1987
951 1355
952 1225
953 1146
953 1210
954 1118
955 1393
955 1637
956 991
957 1353
958 1809
958 1898
959 1801
960 1423
961 1621
962 996
964 1534
966 1191
966 1921
967 1348
968 1525
969 1117
969 1253
970 1455
971 1565
972 1734
972 1889
973 1107
973 1442
973 1820
974 1231
974 1476
974 1918
975 1566
976 1376
977 1114
978 1531
978 1662
980 1250
981 1792
983 1156
984 1265
984 1352
986 1122
986 1694
987 1180
987 1681
990 1732
992 1507
992 1820
993 1447
994 1867
995 1283
997 1778
997 1822
998 1284
999 1828
999 1933
1000 1190
1000 1356
1000 1400
1004 1509
1007 1922
1008 1312
1008 1421
1009 1166
1009 1330
1009 1828
1010 1220
1010 1315
1011 1172
1013 1128
1014 1103
1014 1358
1014 1943
1015 1878
1016 1896
1020 1749
1021 1523
1021 1571
1022 1160
1024 1369
1025 1346
1026 1351
1026 1782
1028 1067
1029 1529
1029 1873
1030 1706
1032 1036
1032 1193
1032 1956
1035 1665
1037 1205
1038 1769
1040 1142
1040 1255
1040 1958
1041 1365
1041 1795
1042 1135
1043 1105
1044 1149
1045 1675
1047 1108
1047 1137
1047 1436
1049 1594
1050 1960
1051 1362
1052 1085
1052 1270
1054 1814
1055 1521
1055 1824
1056 1330
1057 1443
1058 1223
1058 1930
1059 1285
1059 1326
1059 1840
1060 1324
1061 1714
1062 1557
1062 1838
1063 1122
1065 1694
1066 1653
1070 1425
1072 1152
1074 1118
1075 1604
1075 1747
1076 1645
1078 1801
1079 1610
1081 1106
1081 1854
1081 1983
1082 1306
1083 1179
1083 1952
1085 1404
1086 1131
1086 1364
1088 1296
1089 1216
1089 1464
1091 1434
1091 1587
1091 1864
1092 1942
1093 1534
1094 1245
1094 1458
1098 1453
1098 1613
1098 1920
1099 1564
1100 1569
1100 1649
1102 1584
1105 1724
1106 1703
1106 1800
1106 1937
1108 1140
1109 1974
1110 1207
1110 1699
1111 1286
1111 1856
1112 1544
1114 1144
1115 1478
1115 1861
1117 1122
1117 1908
1118 1340
1118 1536
1119 1182
1120 1161
1121 1356
1124 1299
1124 1776
1125 1588
1126 1248
1126 1863
1127 1946
1129 1453
1132 1454
1132 1628
1133 1527
1133 1537
1133 1652
1136 1760
1138 1945
1139 1519
1139 1586
1140 1374
1141 1154
1142 1325
1143 1268
1143 1329
1143 1391
1143 1501
1144 1369
1146 1987
1147 1470
1150 1558
1151 1198
1152 1750
1152 1921
1153 1396
1154 1682
1154 1964
1155 1776
1156 1491
1156 1651
1156 1970
1158 1535
1158 1792
1159 1659
1161 1858
1162 1468
1162 1895
1163 1862
1166 1788
1167 1406
1168 1683
1168 1814
1169 1689
1169 1785
1170 1454
1171 1431
1176 1911
1178 1725
1179 1644
1180 1481
1181 1254
1181 1280
1181 1731
1183 1218
1185 1370
1185 1750
1186 1386
1187 1555
1188 1880
1192 1377
1192 1521
1193 1760
1194 1906
1196 1490
1197 1717
1198 1589
1198 1709
1202 1511
1203 1535
1204 1912
1205 1733
1206 1615
1206 1911
1207 1212
1209 1451
1209 1809
1209 1967
1210 1671
1211 1441
1211 1857
1212 1495
1215 1579
1215 1844
1217 1484
1219 1473
1219 1670
1220 1506
1221 1544
1223 1283
1223 1313
1224 1917
1225 1241
1225 1495
1227 1311
1228 1807
1234 1580
1234 1686
1235 1427
1236 1264
1236 1899
1239 1447
1241 1698
1243 1440
1244 1279
1245 1791
1250 1516
1250 1952
1252 1470
1254 1444
1256 1466
1256 1890
1256 1976
1257 1755
1258 1940
1261 1667
1263 1409
1263 1478
1264 1552
1265 1663
1266 1403
1268 1464
1272 1403
1273 1394
1273 1501
1273 1604
1274 1410
1274 1565
1274 1965
1276 1460
1277 1446
1277 1642
1278 1291
1278 1487
1283 1533
1285 1420
1287 1409
1288 1937
1289 1483
1293 1973
1295 1868
1295 1952
1296 1630
1296 1695
1296 1780
1297 1575
1297 1931
1298 1415
1298 1603
1298 1729
1299 1987
1301 1574
1302 1407
1302 1556
1303 1498
1304 1410
1306 1562
1307 1639
1308 1901
1309 1942
1312 1592
1313 1950
1314 1623
1314 1946
1315 1983
1316 1426
1316 1797
1317 1549
1318 1634
1320 1816
1323 1561
1324 1412
1324 1808
1326 1465
1327 1715
1330 1456
1331 1398
1332 1449
1333 1492
1334 1540
1334 1956
1335 1457
1335 1476
1336 1723
1338 1929
1340 1421
1341 1844
1342 1832
1343 1397
1343 1691
1344 1740
1347 1400
1351 1679
1352 1507
1353 1848
1354 1974
1355 1472
1355 1596
1357 1881
1359 1623
1362 1532
1363 1666
1363 1847
1364 1747
1365 1567
1365 1882
1367 1685
1367 1776
1367 1894
1369 1644
1372 1474
1373 1716
1374 1445
1374 1630
1376 1504
1378 1534
1378 1761
1379 1591
1379 1891
1380 1496
1380 1763
1382 1690
1383 1609
1385 1912
1389 1984
1390 1541
1390 1740
1392 1627
1393 1578
1394 1444
1394 1770
1394 1817
1395 1659
1395 1780
1396 1613
1396 1635
1399 1508
1400 1823
1401 1480
1402 1522
1402 1963
1404 1762
1405 1597
1406 1828
1407 1636
1408 1625
1408 1971
1409 1645
1411 1764
1412 1845
1413 1718
1415 1870
1417 1484
1418 1746
1419 1611
1420 1844
1423 1795
1424 1826
1426 1558
1428 1631
1428 1941
1429 1832
1430 1868
1432 1454
1432 1550
1433 1473
1434 1486
1435 1856
1436 1503
1437 1728
1438 1898
1438 1919
1439 1550
1440 1619
1440 1774
1441 1730
1442 1595
1443 1505
1443 1565
1447 1500
1447 1824
1448 1527
1448 1644
1449 1518
1450 1709
1453 1550
1454 1754
1456 1615
1459 1498
1460 1563
1460 1767
1462 1945
1463 1523
1464 1600
1466 1614
1466 1724
1468 1648
1473 1650
1476 1805
1477 1967
1478 1790
1478 1842
1479 1490
1485 1711
1486 1941
1489 1590
1490 1738
1491 1558
1499 1921
1500 1710
1502 1599
1502 1864
1510 1655
1511 1786
1511 1822
1512 1554
1513 1583
1513 1693
1514 1978
1518 1616
1519 1877
1520 1948
1521 1771
1524 1830
1525 1808
1528 1878
1530 1614
1530 1941
1531 1868
1535 1968
1536 1758
1536 1779
1537 1894
1538 1746
1538 1787
1540 1569
1542 1548
1542 1731
1543 1803
1545 1573
1545 1667
1545 1979
1546 1586
1546 1821
1551 1717
1557 1722
1557 1970
1558 1874
1559 1710
1560 1971
1561 1865
1562 1837
1564 1585
1565 1792
1570 1883
1572 1682
1579 1613
1579 1975
1583 1647
1587 1762
1594 1787
1601 1961
1602 1829
1606 1611
1611 1788
1611 1871
1612 1814
1614 1756
1617 1727
1619 1774
1621 1917
1625 1661
1627 1964
1627 1976
1633 1810
1636 1659
1636 1886
1642 1821
1643 1826
1652 1730
1653 1745
1653 1775
1654 1982
1656 1893
1657 1857
1657 1986
1667 1951
1670 1703
1672 1779
1672 1857
1673 1915
1678 1962
1684 1753
1689 1784
1691 1799
1691 1863
1693 1803
1697 1960
1704 1836
1704 1964
1719 1902
1720 1831
1728 1756
1731 1830
1732 1949
1734 1743
1738 1926
1740 1761
1741 1930
1751 1948
1754 1909
1754 1924
1759 1844
1760 1895
1762 1834
1771 1901
1779 1850
1783 1951
1793 1857
1795 1799
1805 1809
1816 1866
1818 1835
1822 1832
1823 1831
1825 1918
1829 1938
1833 1864
1850 1985
1874 1899
1874 1923
1875 1936
1877 1909
1890 1914
1890 1971
1891 1904
1897 1918
1911 1985
1913 1942
1926 1963
1956 1971
1959 1977
