1989 7041
1 234
1 349
1 491
1 690
1 744
1 996
1 1145
1 1355
1 1512
2 141
2 168
2 545
2 610
2 939
2 1048
2 1163
2 1486
2 1797
3 511
3 587
3 822
3 995
3 1210
3 1451
3 1659
3 1987
4 31
4 184
4 391
4 1045
4 1116
4 1657
4 1897
5 194
5 665
5 883
5 940
5 963
5 1132
5 1466
5 1490
5 1660
6 616
6 752
6 1176
6 1768
6 1865
7 397
7 593
7 1075
7 1218
7 1265
7 1446
8 446
8 824
8 1022
8 1347
8 1531
8 1897
8 1921
9 22
9 286
9 289
9 462
9 539
10 217
10 386
10 629
10 1201
10 1285
10 1581
10 1585
10 1640
11 225
11 550
11 586
11 590
11 714
11 969
11 1150
11 1207
11 1247
11 1600
11 1716
12 37
12 60
12 121
12 156
12 208
12 258
12 739
13 1158
13 1570
13 1660
13 1731
13 1766
14 422
14 423
14 658
14 939
14 1223
14 1899
14 1923
14 1967
15 269
15 772
15 850
15 1043
15 1051
15 1234
15 1257
15 1330
15 1567
15 1597
16 362
16 471
16 612
16 686
16 984
17 140
17 507
17 554
17 593
17 672
17 926
17 1274
17 1772
17 1964
18 228
18 797
18 877
18 1052
18 1214
18 1499
18 1541
18 1568
19 64
19 208
19 218
19 719
19 1111
19 1225
19 1266
19 1910
20 542
20 611
20 626
20 649
20 870
20 1019
20 1062
20 1650
21 233
21 464
21 707
21 843
21 1160
22 148
22 593
22 997
22 1006
22 1018
22 1167
22 1665
22 1755
22 1780
22 1823
23 989
23 1250
23 1501
23 1544
24 40
24 140
24 611
24 613
24 1033
24 1440
24 1622
24 1652
25 134
25 137
25 340
25 508
25 1000
25 1340
25 1520
25 1718
25 1909
25 1986
26 463
26 612
26 824
26 879
26 1085
26 1263
26 1542
27 683
28 1260
28 1318
28 1451
28 1681
28 1768
28 1835
29 310
29 494
29 721
29 722
29 827
29 917
29 1627
29 1788
29 1803
29 1874
30 617
30 969
30 1040
30 1107
30 1236
30 1407
31 99
31 274
31 645
31 913
31 1146
31 1491
31 1510
31 1535
31 1558
31 1985
32 40
32 1460
32 1543
32 1568
32 1802
32 1922
33 89
33 207
33 387
33 754
33 925
33 1475
33 1754
34 180
34 230
34 408
34 587
34 671
34 1220
34 1878
34 1968
35 78
35 323
35 332
35 390
35 775
35 1346
35 1665
35 1898
36 268
36 893
36 999
36 1566
37 303
37 328
37 460
37 563
37 813
37 1361
37 1430
37 1557
37 1758
37 1892
38 293
38 1075
39 426
39 466
39 590
39 694
39 826
39 925
39 1606
39 1733
40 288
40 399
40 1213
40 1446
40 1466
41 263
41 345
41 751
41 751
41 1503
42 461
42 739
42 1105
42 1212
42 1311
42 1498
42 1509
42 1638
42 1733
43 164
43 362
43 524
43 607
43 856
43 1052
43 1368
43 1425
43 1876
44 54
44 143
44 482
44 762
44 913
44 1123
44 1731
45 143
45 245
45 539
45 1112
45 1397
45 1705
45 1940
45 1950
46 116
46 199
46 526
46 610
46 694
46 780
46 1117
46 1238
46 1577
46 1653
46 1693
47 350
47 1133
47 1152
47 1290
47 1430
47 1464
47 1642
47 1731
48 265
48 416
48 456
48 1399
48 1521
48 1579
48 1590
49 182
49 413
49 868
49 920
49 947
49 1237
49 1383
50 66
50 274
50 610
50 788
50 975
50 1393
50 1619
51 377
51 636
51 1048
51 1942
52 176
52 992
52 1335
52 1724
52 1846
52 1950
53 368
53 709
53 843
53 871
53 1209
53 1435
54 396
54 568
54 914
54 1193
54 1323
54 1338
54 1948
55 484
55 489
55 599
55 1018
55 1111
55 1175
55 1277
55 1514
55 1913
56 210
56 424
56 1119
56 1651
56 1664
56 1770
57 317
57 381
57 398
57 852
57 1203
57 1856
58 392
58 406
58 909
58 1064
58 1205
58 1506
58 1703
59 212
59 372
59 1035
59 1350
59 1562
59 1646
60 115
60 118
60 524
60 633
60 676
60 735
60 850
60 1545
61 519
61 527
61 678
61 1441
62 104
62 359
62 468
62 497
62 1049
62 1091
62 1265
62 1351
62 1832
63 113
63 191
63 226
63 448
63 468
63 1096
63 1186
63 1498
63 1628
63 1907
64 886
64 989
64 1054
64 1074
64 1399
64 1489
65 96
65 334
65 751
65 874
65 1127
65 1132
65 1474
65 1511
65 1541
65 1561
65 1717
65 1779
65 1895
66 118
66 214
66 532
66 1070
66 1246
66 1655
66 1688
66 1758
67 111
67 314
67 834
67 908
67 1010
67 1600
68 818
68 1799
68 1887
69 410
69 856
69 961
69 1470
69 1589
69 1826
70 213
70 343
70 389
70 508
71 108
71 620
71 920
71 1029
71 1290
71 1469
71 1572
71 1764
71 1909
72 402
72 535
72 825
72 858
72 975
72 1391
72 1579
72 1658
73 260
73 545
73 1699
73 1987
74 132
74 192
74 665
74 679
74 842
75 356
75 440
75 668
75 846
75 1212
75 1214
75 1260
75 1360
75 1856
76 90
76 469
76 536
76 563
76 569
76 646
76 835
76 877
76 1046
76 1152
76 1346
76 1363
76 1519
77 224
77 503
77 1127
77 1312
77 1668
78 284
78 353
78 497
78 597
78 787
79 402
79 819
79 860
79 1083
79 1113
79 1130
79 1422
79 1904
80 959
80 1326
80 1378
80 1438
80 1554
80 1796
80 1823
81 603
81 661
81 690
81 705
81 818
81 834
81 1073
81 1157
81 1315
81 1385
81 1417
81 1791
82 240
82 825
82 1099
82 1252
83 92
83 179
83 396
83 425
83 574
83 592
83 604
83 671
83 859
83 865
83 1330
83 1728
83 1792
83 1938
84 274
84 1186
84 1552
85 247
85 747
85 1050
85 1263
85 1274
85 1429
85 1477
85 1772
86 204
86 504
86 564
86 848
86 881
86 1959
87 505
87 674
87 733
87 1167
87 1461
87 1534
87 1815
88 268
88 772
88 1745
88 1824
89 153
89 330
89 432
89 664
89 794
89 1142
89 1405
89 1519
89 1653
89 1659
89 1794
89 1892
90 113
90 305
90 368
90 407
90 464
90 582
90 598
90 684
90 895
90 1036
90 1187
90 1788
91 604
91 618
91 726
91 1114
91 1219
91 1353
91 1598
91 1669
91 1774
92 343
92 836
92 908
92 1021
92 1910
93 127
93 508
93 816
93 1261
93 1465
93 1538
94 280
94 282
94 428
94 1126
94 1901
95 265
95 448
95 626
95 628
95 760
95 1396
95 1494
95 1500
95 1751
95 1883
96 256
96 431
96 553
96 1164
96 1188
96 1427
96 1549
97 315
97 471
97 732
97 1036
97 1299
97 1336
97 1763
97 1882
98 139
98 382
98 456
98 659
98 955
98 1112
98 1378
98 1382
98 1480
98 1924
99 120
99 164
99 754
99 853
99 928
99 1365
99 1388
99 1531
99 1784
99 1836
99 1935
100 975
100 1293
100 1399
100 1551
101 274
101 334
101 470
101 910
101 1213
101 1297
101 1331
101 1418
101 1684
101 1784
102 227
102 231
102 631
102 639
102 696
102 794
102 917
102 1033
102 1688
102 1817
103 875
103 962
103 1014
103 1286
103 1367
103 1376
103 1417
103 1436
103 1488
103 1816
104 344
104 648
104 1530
104 1622
104 1670
104 1882
105 349
105 384
105 725
105 1080
105 1453
105 1454
105 1525
105 1534
105 1559
105 1582
105 1683
105 1752
105 1767
106 132
106 348
106 468
106 568
106 845
106 876
106 1018
106 1667
107 458
107 545
107 601
107 1359
107 1929
108 411
108 456
108 1318
108 1734
108 1848
108 1939
109 596
109 980
109 1182
109 1224
109 1289
109 1708
109 1758
109 1934
109 1969
110 325
110 1083
110 1443
110 1488
110 1845
110 1945
111 191
111 235
111 1238
111 1819
111 1890
111 1952
112 222
112 244
112 316
112 471
112 512
112 785
112 926
112 1650
112 1774
113 497
113 896
113 1107
114 234
114 290
114 507
114 931
114 947
115 678
115 1175
115 1838
116 226
116 328
116 425
116 647
116 1248
116 1434
116 1443
116 1744
116 1870
116 1964
117 211
117 512
117 764
117 1268
117 1754
117 1855
118 359
118 542
118 727
118 974
118 1175
118 1435
118 1691
118 1718
118 1751
118 1952
119 273
119 933
119 1179
119 1859
120 300
120 325
120 583
120 761
120 1089
120 1614
121 658
121 672
121 697
121 1153
121 1226
121 1951
122 290
122 320
122 692
122 814
122 946
122 1627
122 1939
123 174
123 180
123 482
123 512
123 577
123 583
123 592
123 606
123 691
123 1032
123 1569
123 1784
124 271
124 373
124 416
124 661
124 1058
124 1140
124 1379
125 201
125 394
125 458
125 605
125 741
125 886
125 1189
125 1590
125 1656
126 394
126 706
126 724
126 908
126 981
126 1264
126 1377
126 1393
126 1450
127 448
127 1232
127 1865
127 1904
128 353
128 500
128 875
128 1130
128 1218
128 1433
128 1434
128 1509
128 1876
129 804
129 1184
129 1348
129 1683
129 1704
130 389
130 568
130 602
130 646
130 871
130 1668
130 1834
131 341
131 468
131 498
131 540
131 779
131 831
131 1051
131 1667
131 1796
131 1931
132 165
132 257
132 314
132 509
132 1139
132 1165
132 1557
132 1720
133 178
133 297
133 585
133 762
133 1253
133 1401
133 1446
134 1505
135 186
135 219
135 589
135 1065
135 1199
135 1248
135 1389
135 1468
135 1663
135 1712
135 1839
136 146
136 575
136 1053
136 1317
136 1585
137 314
137 1209
137 1506
137 1522
137 1921
138 227
138 827
138 917
138 1447
138 1581
138 1739
138 1940
139 665
139 704
139 991
139 1215
139 1409
139 1498
139 1631
139 1782
139 1794
139 1830
140 245
140 881
140 1555
140 1562
141 180
141 208
141 294
141 370
141 506
141 820
141 1090
141 1334
141 1957
142 698
142 861
142 863
142 989
142 1216
142 1582
143 796
143 1006
143 1525
143 1721
143 1773
144 240
144 304
144 464
144 795
144 1425
144 1677
144 1754
145 210
145 612
145 696
145 822
145 1436
146 616
146 836
146 854
146 1283
146 1570
146 1915
147 726
147 1193
147 1644
147 1825
148 743
148 989
148 1136
148 1251
148 1967
149 609
149 1640
149 1655
149 1667
149 1728
149 1806
149 1887
150 253
150 374
150 499
150 737
150 1426
151 152
151 458
151 463
151 559
151 1261
151 1338
151 1432
151 1524
151 1898
152 171
152 549
152 779
152 907
152 1338
152 1723
152 1952
153 350
153 806
153 1486
153 1502
153 1856
154 505
154 1005
154 1271
154 1283
154 1301
154 1749
154 1786
154 1789
154 1931
155 611
155 765
155 1218
155 1272
155 1473
155 1806
156 655
156 689
156 718
156 846
156 1186
156 1727
156 1905
157 421
157 743
157 758
157 802
157 1008
157 1236
157 1240
157 1483
157 1563
157 1636
158 306
158 523
158 800
158 1599
158 1679
158 1837
159 367
159 904
159 996
159 1579
159 1912
160 305
160 526
160 1094
160 1473
160 1478
160 1800
160 1930
160 1951
161 437
161 1305
161 1634
161 1806
162 431
162 447
162 1027
162 1260
162 1783
163 186
163 619
163 1485
163 1715
164 415
164 890
164 1095
164 1425
164 1570
164 1961
165 469
165 532
165 1036
165 1405
165 1431
165 1464
165 1595
165 1869
165 1948
166 581
166 789
166 1512
166 1784
167 440
167 1245
167 1519
167 1536
167 1676
167 1911
167 1976
168 294
168 469
168 1129
168 1131
168 1305
168 1804
169 505
169 710
169 1009
169 1193
169 1389
169 1638
170 321
170 400
170 1486
170 1832
171 311
171 405
171 644
171 761
171 874
171 1400
171 1626
171 1669
172 495
172 558
172 585
172 861
172 1162
172 1398
172 1767
172 1779
173 218
173 349
173 565
173 577
173 593
173 1208
173 1323
173 1392
173 1453
173 1811
173 1869
174 435
174 509
174 673
174 1215
174 1470
175 832
175 1140
175 1181
175 1584
175 1771
175 1817
176 236
176 423
176 588
176 695
176 824
176 1229
176 1416
176 1571
176 1645
176 1760
177 618
177 703
177 1027
177 1110
177 1233
177 1689
177 1889
177 1912
178 363
178 605
178 633
178 920
178 1535
178 1591
178 1728
178 1766
178 1928
179 309
179 369
179 684
179 1472
179 1828
180 200
180 737
180 899
180 1044
180 1862
180 1966
181 250
181 257
181 349
181 967
181 1335
181 1411
181 1462
181 1529
182 314
182 957
182 1442
183 913
183 1076
183 1146
183 1552
183 1777
183 1860
184 863
184 969
184 1071
184 1174
184 1351
184 1965
185 253
185 797
185 852
185 1051
185 1118
185 1128
185 1372
185 1405
185 1430
185 1529
185 1989
186 374
186 550
186 772
186 1452
187 454
187 751
187 1024
187 1606
188 252
188 325
188 594
188 619
188 801
188 850
188 1165
188 1260
188 1495
188 1521
188 1725
189 334
189 445
189 525
189 1100
189 1239
189 1382
189 1679
190 366
190 496
190 591
190 614
190 677
190 1611
190 1612
190 1647
191 359
191 463
191 542
191 654
191 1893
192 322
192 537
192 1303
192 1343
192 1419
192 1520
192 1563
192 1804
192 1893
193 730
193 764
193 1092
193 1314
193 1558
193 1600
193 1716
193 1724
193 1908
194 368
194 574
194 644
194 1730
194 1913
195 578
195 836
195 970
195 1311
195 1604
196 365
196 387
196 1188
196 1223
196 1746
196 1788
196 1986
197 578
197 1280
197 1597
197 1790
197 1936
198 694
198 803
198 1564
198 1711
198 1808
199 224
199 451
199 927
199 1086
199 1447
199 1596
199 1908
200 284
200 569
200 812
200 1126
200 1473
200 1518
200 1636
200 1889
201 306
201 353
201 459
201 775
201 1571
202 361
202 451
202 987
202 1418
202 1660
203 257
203 1069
203 1722
204 434
204 452
204 780
204 814
204 895
204 1106
204 1265
204 1573
205 450
205 542
205 753
205 824
205 1132
205 1176
205 1533
205 1874
206 347
206 467
206 709
206 728
206 880
206 1064
206 1150
206 1391
206 1497
206 1636
206 1868
207 458
207 464
207 739
207 768
207 898
207 1277
207 1390
207 1490
208 715
208 1069
208 1366
208 1611
208 1742
208 1772
209 688
209 746
209 748
209 1023
209 1033
209 1052
209 1376
210 578
210 887
210 1539
210 1841
210 1973
211 266
211 667
211 725
211 894
211 976
211 1085
211 1309
211 1602
211 1799
212 396
212 502
212 805
212 819
212 1306
212 1324
212 1433
212 1452
212 1918
213 514
213 724
213 1539
214 877
215 295
215 1140
215 1265
215 1350
215 1412
216 266
216 365
216 1010
216 1431
216 1475
216 1627
217 500
217 525
217 526
217 610
217 1298
217 1491
217 1675
217 1863
217 1917
217 1988
218 305
218 632
218 638
218 1041
218 1072
218 1106
218 1151
218 1235
218 1364
218 1765
219 279
219 345
219 1061
219 1396
219 1428
219 1531
219 1534
219 1988
220 634
220 827
220 923
220 1024
220 1178
220 1214
220 1634
220 1925
221 375
221 823
221 1385
221 1518
222 247
222 464
222 891
223 275
223 375
223 581
223 624
223 939
223 1008
223 1553
224 537
224 634
224 662
224 742
224 1205
224 1226
224 1425
225 372
225 1424
225 1662
225 1788
226 255
226 595
226 1096
226 1240
226 1517
226 1727
227 263
227 694
227 1050
227 1360
227 1402
227 1987
228 580
228 793
228 831
228 983
228 1015
228 1440
228 1508
228 1654
228 1679
228 1747
228 1791
229 378
229 515
229 608
229 1103
229 1428
229 1878
229 1983
230 301
230 301
230 800
230 1031
230 1080
230 1549
230 1641
230 1653
230 1877
230 1939
231 403
231 587
231 876
231 1054
231 1264
231 1310
231 1807
232 780
232 856
232 1013
232 1222
232 1466
232 1544
232 1872
233 456
233 812
233 897
234 342
234 685
234 714
234 909
234 999
234 1217
234 1338
234 1434
235 317
235 608
235 656
235 1107
235 1139
235 1218
235 1269
235 1720
235 1836
236 483
236 504
236 596
236 787
236 1656
236 1728
236 1966
237 477
237 509
237 820
237 852
237 1058
237 1058
237 1322
237 1344
237 1497
237 1805
237 1843
238 369
238 501
238 642
238 1146
238 1154
238 1762
238 1916
238 1983
239 750
239 963
239 1455
239 1739
239 1953
240 316
240 365
240 743
240 781
240 879
240 988
240 1040
240 1194
240 1301
240 1446
240 1488
240 1686
241 616
241 682
241 899
241 1056
241 1944
242 1528
242 1599
242 1822
243 318
243 452
243 686
243 966
243 986
243 1201
243 1248
243 1540
243 1841
244 981
244 1132
244 1286
244 1576
245 373
245 712
245 1592
245 1818
245 1851
246 352
246 364
246 980
246 1147
246 1149
246 1399
246 1426
246 1687
246 1890
246 1971
247 1207
247 1355
247 1373
247 1534
247 1553
247 1739
247 1758
247 1937
248 447
248 664
248 939
248 1075
248 1207
248 1726
248 1963
249 570
249 746
249 1343
250 647
250 1135
250 1467
250 1571
250 1685
251 497
251 565
251 1095
251 1278
251 1481
251 1777
251 1863
252 326
252 660
252 837
252 881
252 1009
252 1114
252 1135
252 1146
252 1631
252 1663
252 1899
252 1918
253 291
253 503
253 568
253 610
253 617
253 1162
253 1180
253 1708
253 1812
253 1853
254 258
254 597
254 767
254 1128
254 1368
254 1800
255 775
255 814
255 834
255 1170
255 1196
256 391
256 643
256 896
256 1647
256 1847
257 848
257 1326
257 1707
257 1750
258 1671
258 1936
259 1590
260 361
260 539
260 728
260 1536
260 1815
260 1887
261 644
261 761
261 784
261 786
261 921
261 963
261 1931
262 586
262 624
262 974
262 1322
262 1339
262 1466
262 1598
262 1855
263 541
263 681
263 1386
263 1591
264 438
264 443
264 1292
264 1661
264 1751
264 1900
265 334
265 440
265 1009
265 1501
265 1554
265 1676
266 465
266 735
266 738
266 743
266 1003
266 1955
267 508
267 592
267 901
267 1054
267 1227
267 1637
267 1744
267 1776
267 1924
268 339
268 388
268 500
268 509
268 625
268 866
268 1270
268 1930
269 466
269 521
269 582
269 606
269 768
269 904
269 1329
270 710
270 1014
270 1177
270 1394
270 1527
271 635
271 705
271 844
271 1246
271 1439
271 1545
271 1729
271 1967
272 691
272 871
272 1236
272 1365
272 1465
272 1863
273 483
273 1039
273 1066
273 1321
273 1464
273 1541
274 892
274 1170
274 1692
274 1777
275 1022
275 1384
275 1599
276 328
276 616
276 633
276 654
276 741
276 1407
276 1494
276 1890
277 428
277 1001
277 1697
277 1736
277 1751
278 463
278 498
278 531
278 956
278 1226
278 1649
278 1725
278 1885
279 320
279 445
279 546
279 986
279 1367
279 1376
279 1500
279 1720
279 1746
279 1758
279 1924
280 363
280 512
280 657
280 673
280 739
280 812
280 921
280 1010
280 1126
280 1457
280 1661
280 1684
280 1797
281 474
281 692
281 866
281 1066
281 1531
281 1753
282 366
282 825
282 1111
282 1186
282 1201
282 1321
282 1614
282 1775
283 306
283 850
283 1082
283 1351
284 377
284 544
284 913
284 1641
285 657
285 754
285 1319
285 1660
285 1911
285 1976
286 927
286 973
286 1094
286 1184
286 1715
286 1968
287 336
287 917
287 1299
287 1601
287 1624
287 1831
288 603
288 945
289 374
289 741
289 933
289 1198
289 1233
289 1257
289 1873
290 309
290 323
290 512
290 559
290 640
290 738
290 986
290 1084
290 1404
290 1780
290 1798
291 559
291 1102
291 1353
291 1835
292 521
292 902
292 945
292 962
292 1890
292 1914
293 690
293 728
293 1119
293 1523
293 1593
293 1782
294 391
294 680
294 1056
294 1072
294 1209
294 1712
295 549
295 600
295 870
295 918
295 1291
295 1829
296 344
296 395
296 1088
296 1368
296 1562
296 1638
297 477
297 871
297 1059
297 1709
297 1842
297 1923
298 325
298 1007
298 1144
298 1658
299 312
299 668
299 1661
300 569
300 776
300 797
300 810
300 1041
301 463
301 539
301 972
301 1028
301 1088
301 1275
301 1925
301 1989
302 415
302 622
302 842
302 853
302 902
302 1001
303 649
303 663
303 1194
303 1273
303 1405
303 1463
303 1555
304 809
304 1339
304 1929
305 387
305 403
305 715
305 828
305 1425
305 1485
305 1694
305 1943
306 850
306 1589
306 1731
307 455
307 873
307 968
307 1015
307 1303
307 1433
307 1478
307 1515
307 1570
307 1639
307 1747
307 1883
307 1885
307 1974
308 955
308 1241
308 1310
308 1422
308 1773
308 1926
309 379
309 558
309 658
309 1605
309 1738
309 1865
309 1980
310 526
310 576
310 853
310 923
310 1066
310 1073
310 1217
310 1238
310 1351
310 1411
310 1726
311 436
311 586
311 688
311 1144
311 1276
311 1530
311 1748
312 410
312 502
312 1457
313 384
313 419
313 442
313 565
313 746
313 953
314 571
314 1372
314 1400
314 1456
314 1675
314 1768
315 670
315 869
315 877
315 1171
315 1333
315 1499
315 1794
316 852
316 960
317 352
317 531
317 748
317 1130
317 1229
318 349
318 362
318 731
318 869
318 1167
318 1226
318 1786
318 1852
319 749
319 1023
319 1303
319 1397
319 1499
319 1941
320 321
320 647
320 941
320 1290
320 1359
320 1560
320 1972
321 373
321 769
321 836
321 884
321 1730
321 1831
322 354
322 414
322 754
322 839
322 1111
322 1269
322 1381
322 1412
322 1479
322 1588
322 1598
322 1901
323 493
323 545
323 671
323 1291
323 1514
324 517
324 520
324 572
324 1351
325 452
325 523
325 571
325 1803
326 973
326 1677
326 1794
326 1919
327 1068
327 1114
327 1468
327 1607
327 1919
328 349
328 415
328 681
328 948
328 1686
328 1894
328 1963
329 473
329 1130
329 1187
329 1349
329 1354
329 1431
329 1713
329 1863
329 1877
330 543
330 818
330 1130
330 1197
330 1224
330 1387
330 1779
330 1829
331 419
331 883
331 1097
331 1168
331 1374
331 1742
331 1926
332 777
332 1070
332 1283
332 1564
333 702
333 937
333 949
333 994
333 1370
333 1398
333 1428
333 1519
334 419
334 541
334 566
334 670
334 1052
334 1119
334 1829
335 842
335 1186
335 1680
335 1691
335 1958
336 340
336 682
336 922
336 949
336 1129
336 1342
336 1353
336 1370
336 1507
337 618
337 1101
337 1263
337 1310
337 1435
337 1642
338 818
338 900
338 1159
338 1497
338 1690
338 1904
338 1914
339 387
339 474
339 539
339 744
339 870
339 1143
339 1657
339 1808
340 623
340 1314
340 1640
341 640
341 804
341 1544
341 1731
342 865
342 1326
342 1426
342 1636
342 1958
343 529
343 588
343 693
343 796
343 1260
343 1284
343 1944
344 768
344 1280
344 1376
344 1732
345 492
345 623
345 758
345 1157
345 1157
345 1285
345 1444
345 1518
345 1703
345 1798
345 1983
346 466
346 607
346 1130
346 1296
346 1575
346 1883
347 387
347 822
347 1146
347 1425
348 463
348 591
348 835
348 885
348 1557
348 1587
348 1607
348 1933
349 435
349 783
349 972
349 982
349 1003
349 1297
349 1310
349 1372
349 1602
349 1979
350 956
350 1718
351 1064
351 1384
351 1629
352 521
352 669
352 1021
352 1249
352 1913
353 367
353 899
353 1001
353 1771
354 562
354 582
354 881
354 1122
354 1802
354 1913
355 374
355 586
355 778
355 1191
355 1324
355 1538
355 1811
356 702
356 815
356 890
356 1036
356 1376
357 680
357 958
357 1283
357 1412
357 1949
358 527
358 1392
358 1774
358 1874
358 1874
358 1893
359 595
359 656
359 877
359 1290
359 1417
359 1972
360 690
360 1575
360 1640
361 456
361 1087
361 1241
361 1773
362 543
362 583
362 594
362 743
362 1423
362 1824
362 1979
362 1988
363 443
363 816
363 1349
363 1513
363 1940
363 1962
364 548
364 561
364 570
364 1259
364 1369
364 1441
364 1713
365 787
365 1007
365 1406
365 1760
366 458
366 726
366 778
366 849
367 495
367 645
367 892
367 1075
367 1126
367 1462
367 1616
367 1833
368 515
368 1201
368 1280
368 1413
368 1453
369 1155
369 1324
369 1754
369 1928
370 1126
370 1165
370 1867
370 1983
371 762
371 948
371 1219
371 1429
371 1829
371 1831
371 1894
371 1950
371 1979
372 425
372 676
372 988
372 1596
372 1845
372 1889
372 1893
373 590
373 732
373 1419
374 493
374 663
374 1286
374 1531
374 1534
374 1631
374 1738
376 383
376 385
376 469
376 591
376 652
376 854
376 999
376 1476
376 1533
376 1797
377 650
377 862
377 976
377 1027
377 1671
377 1887
377 1931
378 542
378 632
378 817
378 1128
378 1132
378 1529
378 1557
378 1565
378 1865
378 1965
379 391
379 747
379 942
379 1083
379 1441
379 1552
379 1707
379 1754
380 452
380 935
380 1137
380 1431
380 1448
380 1603
381 1013
381 1116
381 1291
381 1314
381 1478
381 1569
381 1797
381 1916
381 1987
382 706
382 939
382 1298
383 396
383 460
383 540
383 685
383 775
383 955
383 1056
383 1347
383 1412
383 1442
384 646
384 750
384 1138
384 1847
385 635
385 1022
385 1290
385 1420
385 1582
385 1911
385 1960
386 823
386 966
386 995
386 1619
387 561
387 576
387 799
387 1099
387 1366
387 1407
387 1486
387 1498
388 754
388 1241
388 1726
388 1942
389 466
389 590
389 917
389 1881
390 462
390 473
390 837
390 1366
391 445
391 903
391 1464
391 1799
392 613
392 881
392 923
392 1202
392 1590
392 1897
393 619
393 862
393 991
393 1357
393 1530
393 1790
394 1004
395 780
395 953
395 992
395 1375
395 1731
396 444
396 499
396 743
396 1464
396 1564
396 1948
397 720
397 741
397 1053
397 1445
397 1699
397 1891
397 1925
398 688
398 785
398 1087
398 1936
399 408
399 428
399 428
399 487
399 653
399 1284
399 1398
399 1548
399 1781
399 1924
400 512
400 588
400 661
400 1285
400 1531
400 1686
400 1782
400 1873
400 1898
401 610
401 762
401 1010
401 1331
401 1915
402 652
402 778
402 1558
403 850
403 1149
404 928
404 942
404 1416
404 1688
405 448
405 545
405 668
405 735
405 869
405 1016
405 1180
405 1260
405 1289
405 1330
405 1831
405 1980
406 662
406 751
406 907
406 998
406 1496
407 742
407 763
407 1315
407 1459
407 1599
407 1604
407 1889
408 671
408 1028
408 1346
408 1364
408 1518
408 1900
409 423
409 684
409 706
409 838
409 944
409 979
409 1157
409 1343
410 931
410 1249
410 1716
411 1351
411 1513
411 1831
411 1902
412 688
412 776
412 795
412 968
412 1258
412 1462
412 1610
412 1776
412 1962
413 497
413 797
413 1616
413 1901
414 723
414 1168
414 1234
415 1337
415 1775
416 475
416 756
416 848
416 1170
416 1575
416 1914
417 692
417 843
417 1021
417 1418
417 1750
417 1983
418 581
418 847
418 1269
418 1726
419 510
419 626
419 833
419 1206
420 547
420 634
420 1054
420 1390
420 1585
420 1617
421 525
421 528
421 551
421 1265
421 1557
421 1597
421 1648
421 1692
421 1836
422 874
422 1003
422 1644
422 1821
423 580
423 1040
423 1330
423 1374
424 772
424 1244
425 637
425 721
425 791
425 838
425 1256
425 1284
425 1472
425 1510
425 1603
426 435
426 490
426 529
426 792
426 1196
426 1255
426 1279
426 1397
426 1619
426 1741
426 1788
426 1941
427 453
427 825
427 953
427 1379
427 1428
427 1515
427 1903
428 459
428 478
428 872
428 993
428 1133
428 1154
429 468
429 1117
429 1407
429 1761
430 791
430 851
430 1163
431 799
431 1173
431 1201
431 1370
431 1525
431 1664
431 1920
431 1956
432 928
432 953
432 960
432 1321
432 1493
432 1801
432 1824
433 647
433 855
433 1093
433 1129
433 1418
433 1655
433 1793
433 1829
433 1881
434 534
434 570
434 771
434 1163
434 1399
434 1935
434 1938
435 481
435 1214
435 1712
436 709
436 923
436 1256
436 1484
437 759
437 981
437 1010
437 1490
437 1940
438 1985
439 1219
439 1236
439 1659
439 1977
440 948
440 1132
440 1660
440 1716
441 1524
441 1636
441 1818
442 750
442 1129
442 1293
442 1374
442 1641
442 1893
442 1910
443 658
443 1301
443 1728
443 1757
443 1989
444 487
444 780
444 874
444 1379
444 1476
444 1688
444 1721
445 650
445 784
445 1023
445 1272
445 1579
445 1769
446 629
446 915
446 931
446 1031
446 1143
446 1250
446 1576
447 466
447 742
447 999
447 1257
447 1515
447 1738
447 1832
447 1983
448 659
448 720
448 902
448 1657
448 1747
448 1875
449 487
449 657
449 660
449 979
449 1143
449 1145
449 1868
449 1900
450 618
450 1123
450 1195
450 1232
450 1767
450 1970
451 772
451 1534
451 1788
452 740
452 776
452 1350
452 1810
453 711
453 836
453 1076
453 1169
453 1204
453 1247
453 1551
453 1890
454 528
454 657
454 1568
454 1733
455 715
455 836
455 1261
455 1346
455 1385
455 1811
456 1061
456 1474
456 1562
456 1663
457 549
457 1581
457 1629
457 1804
457 1834
457 1939
458 567
458 971
458 1392
458 1435
458 1644
458 1669
459 671
459 748
459 1018
459 1019
459 1033
459 1160
459 1226
460 531
460 1601
460 1613
460 1649
461 665
461 1300
462 590
462 1259
463 1072
463 1289
463 1394
464 494
464 512
464 1111
464 1240
464 1636
464 1968
465 873
465 1192
465 1301
465 1508
465 1838
465 1845
465 1972
466 482
466 737
466 800
466 823
466 920
466 1156
466 1566
466 1680
467 657
467 755
467 1006
467 1191
467 1713
468 1166
468 1176
468 1582
468 1891
468 1946
469 668
469 671
469 776
469 1065
469 1072
469 1931
470 800
470 1000
470 1629
471 613
471 1440
471 1712
472 546
472 940
472 1012
472 1148
472 1239
472 1659
472 1876
472 1891
473 1107
473 1562
473 1633
474 829
474 1070
474 1151
475 691
475 1767
476 1280
476 1598
476 1617
476 1679
477 867
477 881
477 1015
477 1325
477 1915
478 621
478 638
478 954
478 1027
478 1437
478 1523
478 1715
478 1816
479 1073
479 1578
479 1631
479 1751
479 1813
479 1949
480 632
480 751
480 1058
480 1167
480 1842
481 596
481 821
481 1364
481 1472
481 1539
481 1677
481 1812
482 510
482 697
482 772
482 870
482 996
482 1110
482 1492
482 1624
483 806
483 865
483 1328
484 779
484 1025
484 1243
484 1531
484 1634
484 1674
485 704
485 791
485 1207
485 1357
485 1923
486 1340
486 1821
486 1846
487 706
487 832
487 1015
487 1131
487 1225
487 1577
487 1606
487 1734
487 1844
488 924
488 1370
488 1955
489 686
489 782
489 1521
490 1151
490 1247
490 1644
491 692
491 1606
491 1863
492 899
492 1404
492 1601
492 1648
492 1956
493 627
493 822
493 1268
493 1636
493 1785
494 678
494 1240
494 1475
494 1790
495 630
495 749
495 1198
495 1256
495 1469
496 739
496 954
496 1083
496 1469
496 1627
496 1961
497 1130
497 1143
497 1500
497 1906
498 662
498 682
498 1019
498 1140
499 623
499 1832
499 1877
499 1932
500 520
500 713
500 749
500 835
500 895
500 980
500 1001
500 1068
500 1078
500 1308
501 697
501 876
501 899
501 1093
501 1540
501 1903
502 510
502 680
502 1864
503 686
503 1076
503 1215
503 1656
503 1716
503 1923
503 1933
504 557
504 816
504 965
504 1640
504 1988
505 664
505 1199
505 1867
506 581
506 632
506 632
506 1757
506 1826
507 716
507 1424
507 1511
507 1956
508 757
508 1132
508 1381
508 1600
508 1668
509 535
509 1027
509 1461
509 1811
509 1951
510 1223
510 1520
510 1629
511 595
511 693
511 805
511 1015
511 1330
511 1437
511 1507
511 1986
512 524
512 1194
512 1413
513 1040
513 1316
513 1518
513 1540
513 1868
514 739
514 801
514 845
514 1007
514 1167
514 1609
515 570
515 704
515 751
515 1003
515 1802
516 832
516 1058
516 1134
516 1236
516 1427
516 1616
516 1643
517 762
517 789
517 1945
518 615
518 628
518 1026
518 1100
518 1172
518 1235
518 1579
518 1603
518 1858
519 633
519 642
519 696
519 739
519 791
519 1161
519 1342
519 1721
519 1815
520 651
520 1240
520 1547
520 1763
521 939
521 1042
521 1273
521 1678
521 1737
522 799
522 1085
522 1322
522 1592
523 960
523 1477
523 1703
524 609
524 890
524 1040
524 1269
524 1706
524 1718
524 1890
525 762
525 1287
525 1374
525 1501
525 1926
526 598
526 856
526 897
526 958
526 1005
526 1163
526 1241
526 1893
526 1941
527 967
527 1554
528 796
528 847
528 963
528 1608
529 906
529 1086
529 1100
529 1283
529 1365
530 750
530 1664
531 898
531 1109
531 1347
531 1983
532 596
532 818
532 1531
532 1666
533 768
533 906
533 1071
533 1575
534 596
534 663
534 701
534 706
534 735
534 952
534 1081
534 1710
535 750
535 1557
535 1734
535 1743
536 567
536 1153
536 1627
536 1847
537 656
537 681
537 825
537 963
537 1656
538 947
538 1545
538 1666
538 1685
539 898
539 1597
540 965
540 1140
540 1586
540 1674
540 1939
541 730
541 1133
541 1794
541 1963
542 606
542 614
542 876
542 996
542 1502
542 1663
543 723
543 773
543 1009
543 1125
543 1214
543 1320
543 1629
544 777
544 884
544 1145
544 1233
544 1279
544 1605
544 1740
544 1747
544 1766
545 886
545 1102
545 1297
545 1691
545 1907
546 1136
546 1335
546 1520
546 1643
547 660
547 1075
547 1134
547 1547
547 1609
548 1253
548 1511
548 1679
549 937
549 1174
549 1295
549 1299
549 1594
550 644
550 708
550 894
550 1594
550 1907
551 623
551 674
551 865
551 871
551 905
551 921
551 1277
551 1401
551 1748
552 701
552 909
552 953
552 1037
552 1285
552 1310
552 1508
552 1725
552 1794
553 578
553 1425
553 1464
553 1690
553 1870
554 600
554 646
554 905
554 1091
554 1242
554 1462
554 1700
555 733
555 828
555 973
555 1884
556 633
556 707
556 744
556 1664
556 1755
556 1957
557 652
557 697
557 756
557 1515
557 1637
557 1872
558 873
558 922
558 1190
558 1654
559 625
559 1001
559 1049
559 1579
560 858
560 946
560 1072
560 1732
561 1159
561 1498
561 1825
561 1846
562 740
562 1236
562 1302
562 1481
562 1810
563 985
563 1820
564 597
564 932
564 1097
564 1291
564 1435
564 1716
564 1755
565 1180
565 1503
565 1508
566 689
566 733
566 801
566 874
566 1773
566 1789
567 617
567 678
567 680
567 731
567 773
567 1031
567 1230
567 1339
567 1528
567 1664
568 1414
569 801
569 863
569 891
569 941
569 975
569 1012
569 1173
569 1476
569 1513
569 1565
569 1711
569 1826
569 1904
570 720
570 782
570 1447
570 1577
571 846
571 1316
571 1325
571 1504
571 1514
571 1585
572 731
572 997
572 1143
572 1443
572 1565
573 1645
573 1722
573 1927
573 1954
574 772
574 832
574 1198
574 1215
574 1722
574 1828
575 585
575 685
575 900
575 910
575 1106
575 1361
575 1522
575 1749
575 1782
576 1315
576 1403
576 1572
576 1817
576 1904
577 714
577 837
577 1355
577 1626
577 1795
578 711
578 1023
578 1534
578 1959
579 976
579 1082
579 1452
579 1598
579 1789
579 1926
579 1938
580 709
580 737
580 1036
580 1135
580 1225
580 1282
580 1919
581 918
581 1474
581 1543
581 1555
582 838
582 1171
582 1545
582 1823
582 1833
583 840
583 1414
583 1416
583 1542
583 1622
583 1689
584 723
584 972
584 1245
584 1346
584 1569
584 1642
584 1931
585 833
585 1059
585 1221
585 1286
585 1571
585 1752
585 1845
586 864
586 1077
586 1193
586 1454
586 1574
586 1713
586 1733
587 1084
587 1210
587 1729
587 1960
588 1178
588 1626
588 1799
588 1928
589 1386
589 1561
589 1766
590 608
591 607
591 790
591 1275
591 1418
591 1641
592 697
592 951
592 1293
592 1490
592 1506
592 1779
592 1835
592 1871
592 1908
593 757
593 903
593 1660
593 1693
593 1863
593 1966
594 867
594 1320
594 1370
594 1660
594 1902
594 1953
595 658
595 1062
595 1134
595 1543
595 1649
595 1871
595 1972
596 889
596 1022
596 1085
596 1188
596 1627
596 1631
596 1784
597 779
597 898
597 995
597 1274
597 1535
597 1706
597 1824
598 930
598 1020
598 1195
598 1712
598 1731
599 993
599 1033
599 1293
599 1331
599 1352
599 1363
600 959
600 1061
601 643
601 961
601 1366
601 1371
601 1378
601 1711
601 1737
601 1988
602 982
602 1122
602 1350
602 1676
602 1685
602 1833
603 961
603 1035
603 1155
603 1778
603 1832
604 605
604 845
604 1160
604 1194
604 1252
604 1729
605 802
605 1068
605 1323
605 1510
606 1064
606 1217
606 1260
607 622
607 682
607 727
607 830
607 838
607 879
607 1096
607 1251
608 718
608 757
608 1087
608 1139
608 1186
608 1569
608 1863
609 1355
609 1682
609 1702
609 1715
610 1024
610 1299
610 1542
610 1787
611 954
611 991
611 1111
611 1256
611 1787
611 1883
611 1909
612 711
612 744
612 747
612 1881
613 701
613 1071
613 1111
613 1261
613 1800
614 646
614 1203
614 1242
614 1419
614 1501
614 1701
615 690
615 764
615 804
615 827
615 1012
615 1401
616 778
616 915
616 1047
616 1485
616 1812
616 1915
617 752
617 820
617 1553
618 661
618 1333
618 1376
618 1438
618 1509
618 1757
619 889
619 1615
620 1012
620 1159
620 1387
620 1511
621 1286
621 1513
621 1664
621 1714
622 970
622 1127
622 1336
622 1339
622 1621
623 947
623 972
623 1004
623 1086
623 1108
623 1409
623 1461
623 1571
623 1654
623 1896
623 1967
624 664
624 690
624 1517
624 1616
624 1773
625 1152
625 1574
625 1831
626 928
626 1111
626 1128
626 1982
627 666
627 945
627 1376
627 1525
627 1550
627 1695
627 1971
628 682
628 867
628 943
628 1435
628 1524
628 1952
629 775
629 1476
629 1859
629 1879
629 1924
630 683
630 733
630 738
630 906
630 1395
631 864
631 1099
631 1267
631 1616
632 1268
633 661
633 951
633 1182
633 1358
633 1416
633 1771
634 820
634 933
634 1269
634 1416
634 1864
635 729
635 806
635 911
635 1001
635 1124
635 1417
635 1467
635 1623
635 1669
636 1220
636 1552
636 1578
636 1697
636 1766
636 1827
638 1642
638 1682
639 992
639 1403
639 1426
639 1839
639 1866
640 1333
640 1392
640 1592
640 1616
640 1708
640 1825
641 685
641 741
641 822
641 1507
641 1876
642 860
642 1345
642 1710
642 1758
643 850
643 978
643 1169
643 1423
643 1651
644 1293
645 1026
645 1619
645 1622
645 1628
646 717
646 1239
646 1479
646 1930
647 789
647 1185
647 1553
648 894
648 1302
648 1359
648 1404
649 932
649 1177
649 1846
649 1851
649 1953
650 1115
650 1655
650 1903
650 1981
651 669
651 720
651 801
651 893
651 1003
651 1103
651 1184
652 804
652 1545
652 1755
652 1761
652 1807
653 762
653 790
653 837
653 1064
653 1243
653 1496
653 1531
653 1916
654 940
654 1003
654 1043
654 1090
654 1524
654 1528
654 1730
654 1862
654 1953
654 1954
655 1091
655 1092
655 1454
655 1541
655 1559
655 1963
656 1363
656 1441
656 1604
656 1614
657 933
657 972
657 1581
657 1652
658 879
658 1541
658 1860
659 1073
659 1693
659 1703
659 1752
659 1792
660 920
660 1274
660 1653
660 1746
661 1413
661 1416
661 1636
661 1704
662 795
662 987
662 1005
662 1366
662 1476
662 1527
662 1956
663 1541
663 1584
663 1644
663 1979
664 871
664 1147
664 1420
664 1642
664 1823
665 676
665 1246
665 1540
666 694
666 904
666 1101
666 1626
667 945
667 1027
667 1702
667 1871
668 914
668 945
668 1483
668 1525
668 1552
669 1039
669 1061
669 1132
669 1260
670 798
670 917
670 931
670 1131
670 1132
671 676
671 1281
672 925
672 969
673 727
673 891
673 1361
673 1631
674 677
674 761
674 1046
674 1594
674 1678
674 1898
675 830
675 1505
675 1775
676 1639
676 1813
676 1881
677 756
677 1123
677 1151
677 1199
677 1559
677 1646
678 1057
678 1132
678 1796
679 1241
679 1342
679 1691
679 1767
680 786
680 838
680 1560
681 754
681 801
681 1418
681 1763
681 1918
682 1059
682 1278
682 1874
683 1083
683 1252
683 1951
684 1115
684 1152
684 1347
684 1618
684 1933
684 1938
685 1096
685 1210
685 1235
685 1250
685 1296
685 1415
685 1564
685 1579
685 1775
685 1808
685 1826
685 1908
686 887
686 1127
686 1787
687 769
687 899
687 1086
688 776
688 979
688 1493
688 1947
688 1972
689 892
689 1044
689 1070
689 1098
689 1979
690 1167
690 1799
691 822
691 869
691 959
691 1546
691 1739
692 874
692 897
692 959
692 1272
692 1502
693 778
693 875
693 910
693 1839
693 1861
694 1126
694 1243
695 793
695 1088
695 1326
695 1507
695 1640
695 1881
696 832
696 1276
696 1716
696 1762
697 719
697 1419
697 1687
697 1739
697 1931
698 704
698 915
698 1589
698 1732
698 1910
699 897
699 1122
699 1186
699 1470
699 1727
699 1893
700 936
700 1088
700 1541
700 1805
700 1837
701 1031
701 1158
701 1320
701 1339
702 1379
702 1423
702 1871
702 1975
703 1063
703 1237
703 1245
703 1344
703 1472
703 1925
704 714
704 796
704 1034
704 1599
705 1754
705 1989
706 1063
706 1104
706 1660
706 1677
706 1752
706 1816
706 1893
707 1141
707 1352
707 1862
708 962
708 1275
709 858
709 1286
709 1866
709 1926
710 1016
710 1407
710 1539
711 717
711 1025
712 763
712 1086
712 1811
713 1104
713 1232
713 1441
714 1731
714 1792
715 1363
715 1613
715 1799
716 1223
716 1495
717 757
717 772
717 844
717 1044
717 1630
718 1112
718 1150
718 1238
718 1396
718 1427
718 1482
718 1714
719 1093
719 1519
720 951
720 1806
721 851
721 1319
721 1542
721 1546
721 1564
721 1654
721 1811
721 1940
722 777
722 1252
722 1360
722 1635
722 1778
723 1357
723 1403
723 1581
723 1673
723 1965
724 813
724 941
724 1342
724 1706
724 1896
725 777
725 1320
725 1344
725 1543
725 1935
725 1939
725 1984
726 1208
726 1799
726 1805
726 1865
726 1937
727 884
727 1576
727 1662
728 1527
728 1842
729 813
729 990
729 993
729 1657
729 1835
729 1963
730 893
730 1516
730 1634
731 853
731 1146
731 1371
731 1755
731 1863
732 796
732 917
732 1130
732 1140
732 1520
732 1694
733 800
733 833
733 1241
733 1413
733 1888
733 1920
733 1924
734 1724
735 918
735 1353
735 1873
736 1127
737 1391
737 1535
737 1595
737 1639
737 1692
737 1864
737 1876
738 759
738 1357
738 1577
738 1610
738 1643
738 1678
739 955
739 1118
739 1338
739 1354
739 1576
739 1627
739 1900
740 872
740 1380
740 1616
740 1684
740 1837
741 890
741 1293
741 1506
741 1531
741 1585
741 1715
741 1739
741 1897
742 995
742 1029
742 1155
742 1228
742 1835
742 1935
742 1949
743 885
743 1124
743 1422
744 853
744 1097
744 1108
744 1419
744 1505
744 1784
745 935
745 1098
745 1308
745 1576
745 1755
746 1100
746 1193
746 1429
746 1742
746 1919
746 1927
747 765
747 1873
747 1939
748 943
748 1398
749 1023
749 1301
749 1337
749 1632
749 1952
750 1221
750 1894
750 1985
751 1684
751 1698
751 1701
751 1888
751 1981
752 865
752 938
752 1321
752 1832
752 1841
752 1852
753 820
753 1355
753 1426
753 1831
753 1837
754 1104
754 1416
754 1616
755 790
755 1489
755 1515
755 1528
755 1571
756 799
756 1292
756 1531
756 1695
756 1831
757 1372
757 1475
757 1682
757 1684
758 863
758 886
758 1413
758 1433
759 832
759 928
759 1201
759 1733
760 1004
760 1012
760 1606
761 1227
761 1850
761 1910
761 1920
761 1977
762 1444
762 1478
762 1593
762 1604
762 1932
762 1988
763 926
763 1151
763 1151
763 1923
764 864
764 1093
764 1142
764 1285
764 1292
764 1939
765 1107
765 1278
765 1349
765 1530
765 1826
765 1944
766 1118
766 1269
766 1454
766 1580
766 1698
766 1874
767 801
767 890
767 1021
767 1279
767 1344
767 1649
768 944
769 874
769 1537
770 822
770 844
770 1023
770 1159
770 1636
770 1852
770 1930
771 932
771 1178
771 1260
771 1498
772 868
772 1288
772 1311
772 1735
773 1774
774 856
774 1294
774 1298
774 1318
774 1675
774 1816
775 1250
775 1483
775 1669
775 1766
776 808
776 930
776 1914
777 940
777 982
777 1248
777 1837
778 1095
778 1157
778 1813
778 1947
779 810
779 853
779 936
779 1223
779 1244
779 1894
780 958
780 1025
780 1262
780 1516
780 1584
781 1017
781 1075
781 1763
782 1027
782 1037
782 1638
782 1776
783 816
783 1035
783 1093
783 1551
783 1607
783 1633
783 1847
784 1035
784 1141
784 1757
785 1968
786 902
786 937
786 1360
786 1445
786 1821
786 1940
787 1133
787 1241
787 1739
788 1051
788 1055
788 1082
788 1756
789 824
789 952
789 1002
789 1804
790 809
790 1029
790 1414
790 1618
790 1624
790 1967
791 913
791 1241
791 1650
791 1805
791 1897
791 1941
791 1973
792 1318
792 1513
792 1668
792 1771
792 1820
792 1913
793 1140
793 1455
793 1532
793 1543
793 1755
793 1866
793 1930
794 935
794 1026
794 1331
794 1442
794 1847
795 1272
795 1452
795 1780
795 1921
796 859
796 1262
796 1546
796 1880
797 930
797 1073
797 1283
797 1305
797 1434
797 1740
798 821
798 1094
798 1663
798 1724
798 1732
799 1136
799 1517
800 1169
801 1017
801 1871
802 837
802 914
802 1027
802 1057
802 1300
802 1358
802 1562
803 923
803 1196
803 1449
804 1134
804 1150
804 1445
804 1594
804 1722
804 1812
804 1900
804 1902
805 840
805 948
806 1293
806 1480
806 1856
806 1965
807 1309
807 1648
807 1677
807 1779
807 1899
808 964
808 1046
808 1584
808 1653
808 1866
809 930
809 950
809 968
809 998
809 1227
809 1317
809 1609
809 1658
810 1171
810 1232
810 1626
810 1750
811 857
811 1017
811 1598
812 955
812 1044
812 1099
812 1280
812 1671
812 1885
813 1259
813 1798
814 1010
814 1110
814 1258
814 1444
814 1609
814 1711
815 1162
815 1672
815 1819
816 838
816 890
816 1238
816 1978
817 1186
817 1420
817 1642
818 1095
818 1603
818 1681
818 1831
819 1009
819 1043
819 1279
819 1288
819 1895
820 1128
820 1356
820 1463
820 1676
820 1735
821 854
821 1075
821 1552
821 1881
822 1733
823 847
823 1307
823 1426
823 1595
823 1625
824 1134
824 1916
824 1985
825 914
825 1128
825 1597
826 938
826 1501
826 1552
826 1634
826 1765
826 1798
827 846
827 1517
827 1602
828 1052
828 1399
828 1508
828 1550
829 1025
829 1174
829 1576
829 1629
829 1640
829 1671
829 1691
830 1062
830 1641
830 1655
830 1688
830 1859
831 1078
831 1139
831 1201
831 1497
831 1740
831 1897
832 1080
832 1498
833 948
833 979
833 1237
833 1403
833 1416
833 1532
833 1929
833 1959
834 888
834 1269
834 1396
834 1442
834 1501
834 1562
834 1603
834 1607
834 1932
835 1166
835 1414
835 1471
835 1838
836 851
836 921
836 1827
837 1922
837 1937
838 1113
838 1344
838 1358
838 1718
838 1957
839 993
839 1393
839 1924
840 961
840 1400
840 1684
840 1713
840 1713
841 861
841 926
841 1116
841 1418
841 1715
842 914
842 1088
842 1548
842 1684
843 1587
844 1861
844 1945
845 861
845 989
845 1062
845 1193
845 1778
845 1909
846 861
846 1268
846 1308
846 1324
846 1347
846 1382
846 1513
846 1637
847 1273
847 1296
847 1357
847 1762
848 870
848 1210
848 1287
848 1830
849 1203
849 1253
849 1713
849 1752
849 1821
849 1944
850 1045
850 1230
850 1281
850 1323
850 1367
850 1491
851 1018
851 1216
851 1378
851 1732
851 1954
851 1961
852 953
852 1082
852 1277
853 1129
853 1148
853 1208
853 1819
853 1860
854 992
854 1161
854 1368
854 1436
854 1872
855 965
855 1170
855 1676
856 936
856 1019
856 1246
856 1264
856 1561
856 1731
856 1860
857 1192
857 1417
857 1466
857 1584
857 1948
858 1225
858 1279
859 1113
859 1282
859 1723
860 1025
860 1121
860 1479
860 1491
861 1030
861 1332
861 1437
861 1924
862 1327
862 1563
862 1730
862 1951
863 894
863 1061
863 1301
863 1752
863 1769
864 947
864 1225
864 1320
864 1551
864 1619
864 1719
864 1935
866 938
866 1475
867 949
867 1032
867 1251
867 1278
867 1867
868 1071
868 1186
868 1199
868 1527
868 1679
869 1366
869 1422
869 1582
870 1468
870 1529
870 1983
871 1420
871 1758
872 873
872 1118
872 1369
872 1514
872 1767
872 1849
873 1096
873 1925
874 1006
874 1479
874 1565
874 1824
875 1084
875 1150
875 1244
875 1512
876 933
876 1404
876 1517
877 1285
877 1354
878 1249
878 1302
878 1337
878 1433
878 1585
879 996
879 1239
879 1297
879 1351
879 1401
879 1453
879 1515
880 961
880 994
880 1007
880 1150
880 1233
880 1405
880 1423
880 1586
880 1717
881 968
881 1150
881 1837
882 946
882 978
882 1430
882 1548
882 1685
883 1719
883 1732
883 1838
883 1906
883 1926
884 941
884 1011
884 1432
884 1536
884 1596
884 1826
884 1891
885 1173
885 1280
885 1913
886 1127
886 1546
887 893
887 909
887 1180
887 1407
887 1414
888 971
888 1019
888 1083
888 1124
888 1245
889 1275
889 1687
890 1789
890 1987
891 912
891 1420
891 1723
892 974
892 1104
892 1121
892 1312
893 1117
893 1249
893 1817
894 961
894 1290
894 1984
895 1375
895 1528
895 1880
895 1983
896 1265
896 1924
896 1966
897 929
897 1174
897 1522
897 1573
898 1235
898 1402
898 1485
898 1649
899 1163
899 1873
900 1731
900 1796
901 964
901 1161
901 1662
901 1682
901 1798
901 1818
902 1179
902 1435
902 1770
903 1270
903 1647
904 939
904 1047
904 1100
904 1359
904 1587
904 1634
904 1714
904 1852
905 1146
906 918
906 1120
906 1168
906 1179
906 1301
906 1473
906 1655
906 1769
907 1698
908 1072
908 1258
908 1434
908 1603
908 1626
909 1039
909 1080
909 1339
910 1010
910 1210
911 1449
911 1489
911 1854
912 1640
913 914
913 1486
913 1606
913 1622
913 1805
913 1875
914 1160
914 1422
915 1048
915 1289
915 1447
915 1597
915 1880
915 1900
915 1984
916 1068
916 1134
916 1647
916 1880
917 1264
917 1388
917 1403
917 1591
918 1789
919 1641
920 1361
920 1368
920 1496
920 1770
920 1927
920 1933
921 1052
921 1059
921 1466
921 1535
922 1211
922 1741
922 1770
922 1955
923 984
923 1002
923 1538
923 1727
923 1735
923 1776
923 1782
924 1185
924 1337
924 1524
924 1890
925 1904
926 993
926 1030
926 1234
926 1311
926 1929
927 1170
927 1559
927 1644
927 1815
928 1406
928 1589
929 1008
929 1017
929 1228
929 1967
930 954
930 1034
930 1036
930 1267
930 1270
930 1858
931 1294
932 1294
932 1415
932 1540
932 1953
932 1967
933 1345
933 1350
933 1485
933 1938
934 1247
934 1401
934 1974
935 1542
935 1582
935 1583
935 1647
936 1273
936 1377
936 1674
937 980
937 1737
937 1868
937 1889
938 984
938 1052
938 1386
938 1962
939 947
939 1117
939 1243
939 1280
939 1480
939 1607
939 1720
940 1263
940 1295
940 1357
940 1855
940 1878
941 1118
941 1443
941 1603
941 1854
941 1880
941 1987
942 1883
943 1354
943 1647
943 1714
943 1901
944 1184
944 1292
945 1831
946 974
946 1086
946 1174
947 1917
948 1430
948 1645
948 1891
948 1925
949 1176
949 1273
949 1459
949 1579
950 1153
950 1182
950 1188
950 1232
950 1494
950 1626
951 1164
951 1511
951 1843
952 1291
952 1317
952 1327
952 1520
952 1931
953 980
953 1202
953 1329
953 1594
953 1779
954 1013
954 1378
954 1415
954 1650
955 1862
956 1071
956 1605
956 1742
956 1893
957 1312
957 1416
957 1441
957 1672
957 1717
957 1776
958 1316
959 971
959 1088
959 1277
960 1245
960 1697
961 986
961 1289
961 1332
961 1582
962 1291
963 1100
963 1297
963 1724
964 1711
965 1393
965 1600
965 1955
965 1989
966 1058
966 1366
966 1461
966 1874
966 1941
967 1520
967 1817
968 1035
968 1282
968 1416
968 1864
969 1621
969 1878
969 1895
970 983
970 1291
970 1336
970 1463
970 1589
970 1954
971 1646
971 1702
972 1468
972 1876
973 1104
973 1683
973 1884
974 1233
974 1350
974 1380
974 1756
974 1814
975 1055
975 1128
975 1473
975 1838
975 1913
976 1024
976 1256
976 1503
976 1600
976 1646
977 1096
977 1118
977 1142
977 1386
977 1956
978 1094
978 1369
979 1323
979 1612
980 1128
981 1513
982 1338
982 1578
983 1079
983 1400
983 1472
983 1958
984 1085
984 1168
984 1540
985 1363
985 1492
985 1946
986 1425
987 1221
988 1247
988 1699
988 1894
988 1923
989 1029
989 1444
989 1687
990 1272
990 1286
990 1328
990 1848
990 1939
991 1052
991 1127
991 1611
991 1794
991 1989
992 1189
992 1249
992 1265
992 1278
992 1511
992 1656
992 1888
993 1161
993 1344
993 1395
993 1461
993 1600
993 1621
993 1683
993 1767
994 1624
994 1760
995 1373
995 1440
995 1513
995 1547
995 1564
995 1929
996 1316
996 1345
996 1433
996 1819
997 1334
997 1347
997 1378
997 1521
997 1584
997 1712
998 1258
998 1628
998 1805
998 1852
999 1098
999 1286
999 1353
999 1518
999 1919
999 1985
1000 1635
1000 1689
1001 1338
1001 1913
1002 1309
1002 1923
1003 1065
1003 1128
1003 1554
1003 1570
1003 1938
1004 1105
1004 1585
1004 1855
1004 1961
1005 1014
1005 1412
1006 1458
1006 1871
1007 1140
1007 1514
1007 1572
1008 1385
1009 1350
1009 1465
1009 1481
1009 1513
1009 1876
1010 1099
1010 1334
1010 1502
1011 1014
1011 1678
1011 1699
1011 1728
1011 1910
1012 1193
1012 1232
1012 1456
1012 1909
1012 1927
1012 1961
1013 1847
1014 1100
1014 1782
1014 1899
1014 1957
1015 1107
1015 1243
1015 1497
1015 1701
1015 1951
1016 1559
1016 1759
1017 1283
1017 1859
1018 1585
1019 1924
1020 1179
1020 1189
1020 1473
1020 1739
1021 1068
1021 1269
1021 1595
1022 1635
1022 1989
1023 1494
1023 1597
1023 1602
1023 1615
1023 1722
1023 1850
1024 1089
1024 1089
1024 1191
1024 1269
1024 1300
1024 1565
1024 1685
1026 1042
1026 1546
1027 1372
1027 1503
1027 1684
1027 1801
1027 1820
1028 1086
1028 1169
1028 1287
1028 1306
1028 1433
1028 1759
1028 1972
1029 1081
1029 1403
1029 1432
1029 1594
1029 1605
1029 1944
1030 1057
1030 1243
1030 1449
1031 1145
1031 1301
1031 1374
1032 1129
1032 1357
1032 1395
1032 1481
1032 1482
1032 1668
1034 1052
1034 1184
1034 1309
1034 1477
1034 1497
1034 1619
1034 1946
1035 1461
1035 1608
1035 1652
1035 1799
1035 1843
1035 1950
1036 1820
1037 1387
1037 1632
1038 1046
1038 1104
1038 1619
1038 1959
1039 1093
1039 1240
1039 1356
1040 1282
1040 1509
1040 1630
1040 1919
1040 1988
1041 1146
1042 1982
1043 1362
1043 1379
1043 1552
1044 1611
1044 1790
1044 1890
1045 1081
1045 1675
1045 1720
1046 1094
1046 1410
1046 1789
1046 1904
1047 1309
1047 1380
1047 1441
1047 1490
1048 1272
1048 1804
1049 1283
1049 1337
1049 1611
1049 1720
1049 1982
1050 1058
1050 1400
1050 1905
1050 1924
1051 1378
1051 1573
1051 1740
1051 1920
1052 1392
1054 1402
1054 1584
1055 1600
1056 1060
1056 1194
1056 1770
1057 1249
1057 1475
1058 1088
1058 1347
1058 1442
1058 1518
1059 1159
1059 1288
1059 1799
1060 1598
1060 1741
1060 1956
1061 1182
1061 1823
1062 1415
1063 1450
1063 1533
1063 1604
1063 1873
1063 1941
1064 1233
1064 1254
1064 1302
1064 1523
1064 1544
1065 1176
1065 1183
1065 1340
1065 1969
1066 1144
1066 1508
1066 1728
1067 1198
1067 1370
1067 1443
1067 1925
1067 1967
1068 1357
1068 1573
1068 1631
1068 1772
1068 1971
1069 1372
1069 1616
1069 1630
1069 1735
1069 1740
1069 1741
1069 1774
1070 1815
1071 1244
1071 1378
1071 1744
1071 1955
1073 1095
1073 1504
1073 1770
1073 1892
1073 1980
1074 1370
1074 1895
1076 1466
1077 1958
1078 1356
1078 1897
1079 1620
1079 1729
1079 1864
1080 1663
1080 1896
1081 1491
1081 1639
1082 1281
1082 1475
1082 1598
1082 1627
1082 1793
1082 1821
1082 1958
1083 1700
1083 1774
1083 1786
1083 1964
1084 1094
1084 1128
1084 1405
1085 1730
1086 1127
1086 1236
1086 1852
1086 1872
1087 1117
1087 1218
1087 1311
1087 1567
1087 1667
1088 1399
1088 1476
1088 1604
1088 1723
1088 1802
1089 1976
1090 1156
1090 1833
1090 1927
1091 1361
1092 1696
1093 1618
1093 1881
1093 1987
1094 1198
1094 1546
1095 1462
1095 1544
1096 1365
1096 1876
1096 1900
1097 1276
1097 1707
1097 1915
1097 1977
1098 1555
1099 1121
1099 1138
1099 1244
1099 1720
1100 1404
1100 1641
1100 1862
1101 1205
1101 1559
1102 1309
1102 1327
1103 1180
1103 1741
1104 1365
1105 1159
1105 1330
1105 1872
1106 1838
1107 1313
1107 1571
1107 1685
1108 1137
1108 1457
1108 1924
1109 1128
1109 1242
1109 1279
1109 1377
1110 1745
1111 1288
1111 1474
1111 1479
1111 1881
1111 1897
1112 1351
1112 1444
1113 1136
1113 1326
1113 1334
1113 1550
1113 1845
1113 1937
1114 1812
1114 1980
1116 1211
1116 1361
1116 1660
1116 1858
1117 1243
1117 1660
1117 1843
1118 1164
1118 1717
1119 1704
1120 1205
1120 1665
1120 1909
1121 1306
1121 1620
1121 1778
1121 1804
1122 1552
1123 1551
1123 1843
1123 1937
1124 1378
1124 1581
1125 1298
1125 1348
1125 1710
1125 1842
1125 1958
1126 1148
1126 1192
1126 1712
1127 1557
1128 1379
1128 1901
1129 1484
1129 1827
1130 1187
1130 1283
1130 1691
1130 1933
1131 1165
1131 1292
1131 1299
1131 1571
1131 1599
1131 1868
1131 1916
1131 1931
1132 1331
1132 1934
1133 1195
1133 1271
1133 1464
1133 1505
1133 1965
1134 1295
1134 1328
1134 1528
1134 1723
1134 1735
1135 1309
1135 1848
1136 1234
1136 1260
1136 1785
1137 1358
1137 1581
1138 1198
1138 1244
1138 1587
1138 1761
1139 1810
1139 1814
1140 1778
1141 1166
1141 1697
1141 1731
1142 1322
1142 1407
1142 1963
1143 1612
1143 1892
1143 1938
1144 1396
1144 1560
1144 1955
1145 1219
1145 1785
1145 1844
1146 1307
1146 1443
1147 1319
1147 1328
1147 1426
1148 1389
1148 1496
1148 1662
1148 1879
1149 1251
1149 1397
1149 1654
1149 1742
1149 1780
1149 1835
1151 1317
1151 1525
1151 1758
1152 1468
1152 1516
1152 1842
1152 1894
1153 1795
1153 1879
1153 1970
1154 1320
1154 1509
1155 1205
1155 1730
1156 1690
1156 1715
1156 1765
1156 1777
1157 1162
1158 1309
1158 1377
1158 1585
1158 1586
1158 1788
1159 1218
1159 1735
1159 1881
1160 1409
1160 1920
1161 1734
1162 1429
1163 1642
1163 1928
1164 1174
1164 1343
1164 1368
1164 1671
1164 1754
1164 1866
1164 1881
1165 1450
1165 1957
1166 1676
1166 1825
1166 1852
1167 1291
1167 1637
1167 1655
1167 1667
1167 1714
1167 1873
1167 1873
1167 1928
1167 1943
1168 1286
1168 1474
1168 1578
1168 1680
1168 1766
1169 1179
1169 1189
1169 1227
1169 1677
1169 1963
1170 1451
1170 1461
1170 1585
1170 1907
1171 1224
1171 1268
1171 1280
1171 1489
1171 1517
1171 1708
1172 1428
1172 1921
1173 1977
1174 1241
1174 1243
1174 1277
1174 1948
1175 1374
1175 1412
1176 1217
1176 1639
1178 1337
1178 1753
1180 1249
1180 1353
1180 1505
1180 1936
1181 1302
1181 1718
1182 1798
1182 1918
1182 1958
1183 1759
1184 1209
1184 1877
1185 1274
1185 1398
1185 1401
1185 1403
1185 1443
1185 1767
1185 1938
1186 1591
1186 1933
1186 1987
1187 1436
1187 1454
1189 1270
1189 1332
1189 1857
1189 1973
1190 1334
1190 1422
1190 1508
1192 1227
1192 1311
1192 1375
1192 1610
1192 1830
1192 1985
1193 1603
1193 1623
1193 1939
1195 1280
1195 1378
1195 1876
1196 1348
1196 1472
1196 1775
1196 1914
1197 1405
1197 1469
1197 1811
1197 1858
1198 1224
1199 1271
1199 1597
1200 1477
1200 1674
1201 1250
1201 1846
1201 1947
1202 1351
1202 1855
1203 1218
1203 1618
1203 1656
1203 1891
1204 1268
1204 1411
1204 1716
1205 1459
1205 1926
1205 1934
1207 1222
1207 1403
1207 1420
1207 1425
1207 1672
1207 1768
1207 1833
1208 1254
1208 1477
1208 1581
1208 1884
1209 1258
1209 1259
1209 1851
1210 1387
1210 1494
1210 1619
1211 1244
1211 1596
1211 1967
1212 1410
1212 1684
1212 1985
1213 1267
1213 1560
1213 1858
1213 1902
1214 1293
1214 1823
1214 1989
1216 1563
1217 1687
1218 1235
1218 1335
1218 1739
1218 1881
1219 1246
1219 1434
1219 1551
1219 1985
1220 1392
1220 1403
1221 1412
1222 1276
1222 1399
1222 1683
1222 1826
1223 1488
1223 1625
1223 1663
1223 1713
1224 1698
1225 1459
1225 1605
1225 1793
1226 1651
1226 1775
1226 1915
1227 1350
1227 1969
1228 1725
1229 1665
1229 1830
1230 1290
1230 1391
1230 1718
1231 1270
1231 1457
1232 1303
1232 1330
1232 1510
1232 1511
1232 1575
1232 1973
1233 1373
1233 1584
1234 1361
1234 1454
1234 1538
1235 1480
1235 1804
1235 1818
1236 1371
1237 1365
1237 1455
1237 1480
1237 1628
1238 1319
1238 1840
1239 1304
1239 1593
1239 1859
1240 1262
1240 1952
1240 1957
1241 1589
1242 1717
1243 1381
1243 1517
1243 1915
1244 1361
1244 1549
1244 1782
1246 1600
1246 1674
1246 1947
1247 1375
1247 1387
1248 1367
1248 1840
1248 1899
1249 1252
1249 1679
1249 1686
1250 1608
1250 1653
1250 1817
1250 1933
1251 1257
1251 1420
1251 1457
1251 1950
1252 1255
1252 1434
1252 1625
1252 1788
1252 1794
1252 1820
1254 1376
1255 1705
1255 1909
1256 1277
1257 1349
1257 1680
1257 1728
1257 1802
1258 1436
1258 1436
1258 1909
1259 1409
1259 1455
1259 1878
1260 1336
1260 1888
1260 1918
1261 1505
1261 1541
1261 1737
1262 1553
1263 1629
1263 1688
1263 1874
1263 1945
1264 1313
1265 1593
1265 1924
1265 1972
1267 1645
1267 1697
1267 1821
1268 1340
1268 1474
1268 1627
1268 1663
1268 1691
1268 1985
1270 1744
1271 1332
1271 1454
1272 1337
1272 1723
1272 1882
1273 1473
1274 1833
1274 1946
1275 1556
1276 1377
1276 1609
1276 1763
1277 1656
1278 1297
1278 1439
1278 1451
1278 1454
1279 1503
1279 1693
1280 1604
1280 1604
1280 1915
1282 1338
1282 1433
1282 1485
1282 1486
1282 1894
1283 1444
1283 1718
1284 1628
1284 1844
1284 1937
1284 1959
1285 1433
1285 1445
1285 1564
1286 1350
1286 1690
1286 1710
1286 1974
1287 1528
1287 1745
1288 1312
1289 1899
1290 1497
1290 1970
1291 1363
1292 1329
1292 1444
1293 1300
1293 1682
1294 1313
1294 1464
1294 1766
1295 1632
1295 1695
1295 1709
1295 1841
1295 1884
1296 1516
1296 1560
1296 1647
1296 1762
1297 1320
1297 1426
1297 1426
1297 1985
1298 1331
1298 1362
1298 1415
1298 1760
1298 1848
1299 1510
1300 1458
1300 1576
1300 1922
1301 1550
1301 1776
1302 1356
1302 1532
1302 1538
1302 1543
1302 1811
1303 1447
1303 1776
1303 1809
1304 1480
1304 1884
1305 1433
1306 1552
1307 1604
1308 1713
1308 1969
1309 1604
1309 1771
1310 1444
1310 1541
1311 1401
1311 1532
1312 1526
1312 1617
1312 1751
1313 1359
1313 1507
1313 1881
1314 1397
1314 1983
1315 1366
1316 1419
1316 1469
1316 1663
1316 1900
1318 1419
1318 1519
1318 1573
1318 1652
1318 1774
1318 1894
1318 1951
1319 1366
1319 1714
1320 1871
1320 1910
1320 1970
1321 1748
1322 1449
1322 1468
1324 1974
1325 1353
1325 1614
1325 1717
1325 1899
1325 1939
1326 1576
1327 1578
1328 1454
1328 1646
1328 1738
1328 1797
1328 1924
1328 1955
1329 1556
1330 1417
1330 1936
1331 1367
1331 1790
1331 1819
1332 1494
1332 1932
1333 1429
1333 1709
1334 1578
1334 1801
1335 1544
1335 1749
1335 1801
1336 1480
1336 1639
1336 1669
1337 1493
1337 1512
1337 1580
1337 1915
1338 1544
1339 1454
1339 1933
1340 1672
1341 1847
1341 1955
1342 1436
1342 1623
1342 1645
1342 1931
1343 1402
1343 1474
1343 1534
1344 1391
1344 1516
1344 1689
1344 1720
1344 1782
1344 1966
1345 1533
1345 1914
1346 1531
1346 1876
1346 1953
1347 1535
1347 1740
1347 1853
1348 1583
1348 1594
1348 1774
1350 1902
1351 1412
1351 1478
1351 1736
1352 1516
1352 1655
1352 1702
1353 1735
1353 1806
1353 1968
1353 1971
1354 1747
1356 1580
1358 1495
1358 1604
1359 1619
1359 1644
1359 1879
1360 1509
1360 1542
1360 1770
1360 1870
1361 1392
1361 1497
1361 1744
1362 1484
1363 1399
1363 1484
1363 1645
1363 1692
1363 1746
1363 1896
1363 1944
1364 1766
1364 1805
1365 1507
1365 1913
1365 1984
1365 1988
1366 1710
1366 1712
1367 1851
1368 1525
1368 1559
1369 1786
1370 1401
1370 1407
1370 1598
1370 1896
1371 1707
1371 1914
1372 1432
1372 1620
1374 1494
1374 1609
1374 1694
1375 1582
1376 1397
1377 1448
1377 1490
1377 1648
1377 1691
1377 1938
1378 1419
1378 1629
1378 1972
1379 1779
1379 1781
1379 1862
1380 1396
1380 1452
1380 1857
1381 1459
1381 1484
1381 1655
1381 1873
1383 1620
1383 1718
1384 1678
1385 1854
1386 1619
1386 1807
1386 1898
1386 1952
1387 1548
1387 1715
1388 1396
1388 1522
1388 1572
1388 1605
1388 1848
1389 1603
1389 1942
1391 1533
1391 1577
1391 1589
1391 1735
1392 1432
1392 1738
1392 1823
1393 1453
1393 1594
1393 1709
1393 1788
1393 1958
1393 1966
1394 1632
1394 1729
1394 1804
1394 1894
1396 1440
1396 1513
1396 1905
1396 1959
1396 1962
1397 1692
1397 1824
1398 1610
1399 1724
1399 1731
1399 1823
1400 1540
1400 1567
1400 1913
1401 1824
1402 1434
1402 1838
1402 1851
1403 1548
1403 1855
1403 1899
1404 1654
1405 1459
1406 1830
1407 1439
1407 1585
1407 1764
1408 1598
1409 1764
1409 1836
1410 1660
1410 1796
1410 1803
1411 1627
1411 1903
1412 1428
1412 1524
1412 1614
1412 1695
1412 1707
1412 1892
1414 1693
1414 1888
1414 1939
1415 1724
1416 1430
1416 1757
1416 1862
1418 1720
1419 1552
1420 1702
1420 1853
1420 1858
1421 1456
1421 1540
1421 1618
1422 1492
1422 1775
1423 1517
1423 1520
1424 1618
1424 1688
1425 1455
1425 1720
1426 1575
1426 1715
1426 1857
1427 1853
1427 1928
1428 1989
1429 1441
1429 1715
1429 1843
1430 1724
1432 1761
1432 1828
1433 1691
1433 1970
1434 1838
1434 1885
1434 1985
1436 1496
1437 1679
1437 1755
1437 1927
1437 1941
1437 1951
1438 1800
1439 1853
1440 1974
1441 1591
1441 1633
1443 1849
1444 1862
1444 1870
1445 1584
1445 1830
1447 1603
1447 1777
1448 1852
1448 1862
1448 1914
1449 1681
1449 1756
1449 1758
1450 1570
1450 1961
1451 1717
1452 1731
1452 1900
1454 1725
1455 1770
1456 1621
1456 1732
1456 1820
1457 1886
1458 1844
1458 1868
1460 1627
1462 1539
1462 1618
1462 1804
1462 1894
1463 1556
1463 1664
1463 1927
1465 1802
1465 1886
1466 1682
1466 1706
1467 1633
1467 1756
1467 1800
1469 1603
1469 1947
1470 1541
1472 1663
1472 1862
1472 1912
1472 1976
1473 1584
1473 1664
1474 1651
1474 1806
1475 1732
1475 1879
1476 1482
1476 1590
1476 1928
1476 1941
1478 1665
1478 1872
1479 1506
1479 1726
1479 1865
1480 1737
1481 1650
1481 1707
1482 1492
1482 1948
1484 1689
1485 1938
1486 1496
1487 1973
1489 1665
1489 1723
1490 1562
1490 1614
1490 1771
1490 1943
1491 1817
1491 1858
1491 1864
1491 1982
1492 1532
1492 1720
1493 1655
1493 1668
1495 1590
1495 1727
1496 1680
1497 1510
1497 1595
1498 1640
1498 1674
1499 1852
1499 1885
1500 1577
1500 1772
1500 1909
1501 1699
1502 1793
1503 1702
1504 1562
1504 1581
1504 1723
1505 1907
1506 1582
1506 1748
1506 1948
1509 1686
1509 1694
1509 1925
1510 1546
1510 1779
1511 1783
1511 1815
1512 1599
1512 1940
1513 1777
1513 1971
1514 1851
1515 1965
1518 1526
1518 1821
1519 1554
1519 1709
1520 1577
1520 1752
1521 1560
1521 1624
1521 1658
1521 1852
1522 1815
1522 1975
1523 1528
1523 1633
1523 1849
1524 1952
1525 1602
1528 1790
1529 1698
1529 1859
1530 1841
1530 1856
1531 1663
1531 1754
1533 1878
1534 1789
1534 1877
1535 1938
1536 1824
1536 1894
1536 1963
1538 1685
1538 1902
1540 1561
1540 1663
1542 1928
1543 1890
1544 1825
1545 1847
1545 1958
1546 1843
1546 1873
1547 1637
1547 1805
1547 1852
1548 1971
1549 1554
1553 1622
1554 1826
1555 1746
1555 1967
1556 1650
1559 1607
1561 1788
1562 1801
1562 1896
1563 1962
1564 1680
1564 1807
1565 1660
1565 1805
1565 1807
1566 1658
1566 1711
1566 1861
1567 1928
1568 1836
1568 1984
1569 1915
1570 1694
1571 1905
1572 1652
1573 1709
1573 1856
1574 1883
1574 1907
1574 1953
1576 1639
1576 1806
1577 1594
1578 1887
1579 1684
1579 1687
1580 1611
1582 1693
1584 1733
1584 1787
1585 1824
1585 1854
1585 1982
1586 1718
1586 1802
1586 1927
1586 1982
1589 1856
1592 1759
1592 1775
1593 1623
1593 1660
1593 1789
1596 1719
1598 1854
1600 1873
1600 1925
1601 1803
1601 1871
1602 1904
1602 1962
1603 1651
1604 1777
1605 1887
1605 1967
1607 1877
1608 1911
1608 1950
1610 1660
1612 1835
1613 1714
1615 1638
1615 1834
1615 1914
1616 1833
1617 1648
1617 1960
1619 1749
1620 1726
1621 1716
1621 1926
1623 1808
1623 1906
1624 1888
1625 1711
1625 1797
1625 1973
1626 1707
1627 1693
1627 1698
1627 1763
1627 1857
1627 1904
1628 1729
1628 1836
1628 1919
1629 1892
1630 1899
1631 1667
1632 1984
1633 1655
1633 1982
1636 1878
1636 1965
1637 1988
1638 1932
1640 1936
1641 1717
1641 1828
1643 1757
1643 1897
1644 1912
1645 1837
1646 1764
1647 1765
1650 1720
1651 1763
1652 1708
1652 1820
1653 1822
1654 1905
1655 1686
1655 1699
1655 1835
1655 1988
1656 1797
1656 1799
1658 1740
1659 1737
1659 1982
1659 1986
1660 1716
1660 1975
1661 1753
1661 1957
1665 1818
1666 1903
1666 1929
1666 1951
1667 1791
1667 1884
1668 1725
1670 1954
1674 1979
1678 1868
1679 1806
1679 1873
1684 1816
1684 1961
1685 1704
1685 1908
1685 1918
1687 1730
1687 1961
1689 1914
1690 1971
1691 1886
1691 1950
1692 1821
1693 1863
1693 1954
1693 1969
1694 1775
1695 1939
1697 1845
1698 1963
1699 1742
1700 1870
1701 1789
1702 1823
1702 1968
1704 1714
1704 1727
1705 1833
1708 1838
1709 1938
1710 1771
1710 1847
1710 1960
1711 1769
1711 1855
1712 1834
1713 1858
1713 1867
1716 1824
1718 1928
1719 1934
1720 1815
1721 1972
1722 1757
1723 1955
1726 1986
1730 1889
1731 1736
1732 1747
1733 1839
1734 1791
1734 1900
1735 1830
1737 1780
1738 1768
1739 1906
1742 1798
1743 1810
1746 1753
1746 1845
1746 1866
1746 1940
1746 1968
1747 1763
1747 1880
1750 1882
1750 1887
1750 1889
1753 1771
1753 1820
1755 1795
1757 1933
1758 1775
1758 1827
1758 1830
1759 1777
1762 1769
1762 1856
1763 1832
1764 1956
1764 1983
1765 1776
1765 1802
1765 1955
1767 1880
1772 1905
1774 1979
1776 1791
1780 1789
1780 1880
1781 1844
1781 1847
1788 1975
1799 1819
1800 1854
1804 1952
1808 1839
1810 1958
1812 1853
1816 1860
1816 1941
1818 1947
1818 1969
1819 1911
1819 1959
1821 1899
1822 1851
1823 1851
1825 1860
1827 1974
1828 1904
1831 1937
1832 1985
1834 1902
1836 1848
1839 1915
1839 1919
1840 1918
1842 1914
1846 1963
1848 1970
1851 1913
1853 1864
1853 1898
1857 1864
1859 1899
1862 1951
1868 1893
1872 1887
1880 1881
1883 1917
1886 1955
1887 1929
1890 1927
1892 1947
1894 1944
1895 1969
1896 1921
1898 1974
1898 1980
1900 1970
1901 1958
1901 1964
1902 1929
1903 1979
1904 1956
1907 1963
1913 1916
1913 1940
1913 1970
1915 1935
1924 1930
1938 1963
