1958 2564
1 290
1 1007
2 1055
2 1153
2 1616
3 1285
3 1916
4 88
4 667
5 333
5 507
5 744
6 553
6 1417
6 1908
7 428
7 692
7 858
7 962
7 1095
8 1068
8 1586
9 855
10 1469
10 1826
11 944
11 1057
12 381
12 1154
12 1463
13 959
13 1775
14 18
14 1669
15 1291
16 1257
16 1874
17 1201
17 1340
17 1755
18 586
18 803
18 827
18 1312
19 90
20 262
20 1625
20 1674
20 1811
21 308
21 553
21 1837
21 1921
22 747
22 903
23 750
24 129
24 1574
25 328
25 550
26 30
26 272
26 660
26 728
26 770
27 1242
27 1287
27 1811
28 154
28 469
28 1414
29 112
29 727
29 769
29 1063
30 470
31 1150
31 1679
32 702
32 784
32 1504
32 1606
33 731
33 862
33 1448
33 1727
34 768
34 1511
34 1891
35 354
35 1071
36 520
36 1905
37 144
37 1395
38 1830
39 1068
40 592
41 188
41 1052
41 1894
42 287
42 380
42 590
42 1180
43 462
43 555
43 961
43 1063
44 394
44 1105
44 1303
44 1442
45 1706
45 1723
45 1823
46 1619
46 1762
47 609
47 971
47 1673
47 1798
47 1910
48 1796
49 270
49 308
50 1292
50 1342
51 1048
51 1212
51 1411
51 1763
52 227
52 324
52 486
52 634
52 784
52 842
52 1108
52 1272
52 1289
52 1589
53 1065
54 1061
55 1333
55 1364
55 1822
56 458
56 1327
56 1495
56 1504
57 125
57 555
57 843
58 91
58 303
58 959
58 1666
59 513
59 728
59 938
60 709
60 725
61 614
62 228
62 1088
63 294
63 1369
64 554
64 613
64 645
65 1956
66 161
66 460
66 758
67 461
67 514
68 1263
69 1250
69 1759
70 918
70 1836
71 554
71 1909
72 441
72 1391
73 906
73 950
73 1910
74 1132
74 1181
75 1027
75 1339
75 1788
76 494
76 601
76 1087
77 189
77 224
77 521
78 476
78 833
78 1860
78 1876
79 673
79 1013
79 1253
79 1909
80 690
81 194
81 488
81 573
81 1352
81 1859
82 300
82 310
82 1738
82 1934
83 161
83 682
83 878
83 1331
83 1403
84 188
84 232
84 896
84 1045
84 1434
85 829
86 156
86 347
87 90
87 316
88 177
88 1634
88 1635
89 1400
89 1468
91 308
91 364
91 843
92 347
93 703
93 1597
94 621
94 852
94 1553
94 1656
95 141
95 220
95 1002
95 1777
95 1957
96 652
96 1572
97 850
97 973
98 170
98 617
98 1380
98 1686
99 123
99 209
100 127
100 708
100 1164
101 309
101 829
101 1520
102 773
102 1657
103 636
103 985
103 1786
104 718
104 984
104 1027
105 439
105 1024
106 381
106 810
106 1476
107 1401
108 294
108 1233
108 1817
109 461
110 437
110 836
110 1764
111 959
111 983
111 1001
112 440
112 567
112 1344
113 1216
114 706
114 1026
114 1898
115 1831
116 1203
117 199
117 905
117 1396
117 1450
117 1632
118 872
118 1125
119 659
120 372
120 434
120 1508
121 638
121 933
121 1494
122 1055
122 1453
124 360
124 813
124 1216
124 1698
124 1951
125 751
125 783
125 1844
126 1042
126 1054
126 1079
126 1845
127 454
128 808
128 851
128 1243
129 1053
129 1210
129 1629
130 1137
130 1227
130 1490
130 1579
130 1818
130 1888
131 1048
131 1880
132 1649
133 206
133 293
133 915
134 219
134 282
134 569
134 695
134 1408
135 352
135 954
135 1590
136 152
136 844
136 1019
136 1137
137 310
137 1018
137 1082
137 1753
138 1255
138 1487
138 1506
138 1583
139 365
139 1313
139 1490
140 393
140 1020
140 1359
141 1517
141 1636
142 989
142 1526
143 187
143 820
145 211
146 386
146 638
147 955
147 974
148 210
148 1438
148 1584
149 289
149 1105
149 1785
149 1866
149 1901
150 263
150 1071
150 1230
150 1530
150 1546
151 266
151 1091
151 1687
152 399
153 725
153 1314
154 1177
154 1452
155 284
155 1484
155 1720
156 760
157 847
157 1646
157 1937
158 212
158 964
158 1644
159 470
159 1282
160 1633
160 1719
161 340
162 687
163 555
163 1023
163 1409
163 1476
163 1598
163 1731
163 1914
164 1597
164 1885
165 463
165 1353
165 1394
166 531
166 1570
167 187
168 671
168 1875
169 622
169 717
169 1291
169 1736
170 575
170 1245
170 1779
171 1085
171 1492
171 1651
172 1162
172 1876
173 848
174 184
175 946
176 1456
177 191
177 286
177 1265
178 1036
178 1257
179 947
179 1224
179 1269
180 705
180 1139
181 360
181 402
181 748
181 1188
182 417
182 735
182 1073
182 1805
183 1156
183 1716
184 862
185 529
185 811
185 1496
186 1068
187 686
187 1615
187 1727
188 1179
188 1869
189 259
190 714
190 1204
191 258
191 481
191 1541
192 852
193 1011
193 1488
194 302
194 864
195 988
195 1321
196 957
196 1462
196 1531
196 1846
197 218
197 1377
198 514
198 640
198 1811
200 1169
201 1724
201 1731
202 322
202 1194
203 464
203 721
203 1958
204 1106
204 1837
205 801
205 1570
205 1775
206 1022
207 827
207 1368
208 380
208 1586
209 758
211 550
212 465
212 1441
212 1534
213 433
213 794
213 1838
214 536
214 731
214 891
215 242
215 1131
216 628
216 1166
216 1236
216 1644
216 1869
217 1017
217 1316
217 1696
217 1761
218 1690
219 586
219 1363
219 1533
219 1864
220 1822
221 373
222 405
222 821
223 633
223 1171
224 1433
225 1409
225 1496
226 276
226 342
226 968
226 1618
227 884
228 1188
228 1383
228 1509
228 1540
229 364
229 889
229 1388
230 712
230 1699
231 1692
232 579
232 1220
232 1544
233 1552
233 1926
234 487
234 530
235 1513
236 1846
237 1108
237 1386
237 1751
238 1088
238 1350
238 1607
238 1889
238 1925
239 319
239 1852
240 832
241 1033
242 1203
243 750
244 368
244 383
245 422
245 1190
246 774
246 1270
246 1277
247 1656
247 1889
248 551
248 1933
249 251
249 463
250 1151
251 956
251 1086
251 1462
252 418
252 1102
252 1414
253 595
253 974
254 894
254 1168
254 1291
255 791
255 1219
255 1347
256 1920
257 518
257 1377
257 1787
257 1923
258 1193
258 1434
260 908
260 1174
260 1258
261 1903
262 689
264 1139
264 1633
265 412
265 1308
265 1427
265 1494
265 1636
266 565
266 1112
266 1553
267 1043
268 513
268 582
268 1530
268 1819
269 491
269 1803
271 1463
273 814
273 865
273 1037
274 731
274 861
274 1077
274 1497
274 1544
275 1238
275 1661
277 1582
277 1596
278 819
278 871
278 1587
278 1858
279 1123
279 1460
280 987
281 368
281 1060
281 1222
281 1279
281 1810
281 1815
282 1756
283 390
283 1129
283 1657
283 1685
284 1118
284 1705
285 825
285 1355
286 1346
286 1373
287 448
287 792
288 1276
290 907
290 1083
291 846
291 1193
291 1367
291 1794
291 1876
292 1886
293 632
294 630
294 975
294 1126
294 1431
294 1471
294 1769
295 505
295 747
295 1143
295 1407
296 579
297 997
297 1309
297 1376
298 1206
298 1452
299 362
299 945
299 1392
300 348
301 409
301 1008
301 1293
301 1370
301 1381
304 447
304 633
304 764
304 1602
304 1603
304 1655
305 948
305 1672
306 1152
306 1154
306 1574
307 1036
307 1511
307 1838
308 528
308 670
308 1839
309 969
310 874
310 914
310 920
310 1681
310 1882
310 1940
311 684
311 835
311 879
312 382
312 1527
313 688
314 655
314 701
314 1714
315 416
315 559
315 1449
315 1832
316 843
316 1179
316 1653
316 1941
317 1407
317 1938
318 403
318 1094
318 1951
319 1054
319 1796
320 412
320 885
321 345
321 1434
322 1059
322 1165
322 1656
323 845
323 1185
324 761
324 1382
325 1094
325 1762
326 815
326 861
326 1288
327 787
327 857
327 1150
328 1422
328 1599
328 1800
329 602
329 1738
330 698
330 934
330 1338
330 1765
331 344
331 502
331 913
331 1778
331 1860
332 1172
332 1773
333 334
333 1749
334 563
334 715
335 648
335 1720
335 1920
336 1397
337 449
337 459
337 1360
338 756
338 1416
338 1491
338 1573
338 1831
339 407
340 397
340 1226
340 1536
341 1066
341 1107
341 1913
342 453
342 1820
343 902
343 1292
344 653
346 1510
346 1572
347 1039
347 1121
347 1832
347 1853
348 765
348 1155
348 1558
348 1699
349 1774
350 1542
350 1864
351 462
351 724
352 858
352 1262
352 1455
353 1144
353 1555
354 485
354 958
354 1130
354 1594
354 1675
354 1846
355 929
355 1623
356 471
356 638
356 651
356 675
356 1769
357 747
357 923
357 1611
358 718
358 928
358 1251
358 1799
359 391
361 366
361 1223
361 1230
361 1299
361 1638
362 401
362 627
362 1163
362 1596
363 1590
363 1784
364 422
364 436
366 1261
366 1482
366 1525
367 765
367 1507
369 1180
369 1468
369 1737
369 1779
370 897
370 1140
370 1293
370 1428
370 1755
371 1115
371 1210
371 1531
372 823
372 949
372 1058
373 527
373 750
374 1885
375 612
375 693
375 1276
375 1600
376 1041
377 1784
378 654
378 1776
378 1910
379 399
380 1277
381 582
381 1674
382 951
383 765
383 985
384 733
384 1437
385 672
385 932
385 1881
386 630
386 1659
387 603
387 684
387 1874
388 1005
388 1019
389 815
389 981
389 1456
391 543
391 622
391 1187
392 657
392 1358
393 558
393 647
393 830
393 1135
393 1524
395 748
395 1015
395 1224
396 422
396 593
397 1420
398 419
398 1081
398 1214
400 1124
400 1361
401 820
402 1627
403 842
403 942
404 537
404 1454
405 608
405 1120
405 1124
405 1211
405 1544
405 1820
405 1830
406 527
406 1893
407 661
407 1812
407 1899
408 1807
408 1894
409 1035
409 1119
410 1679
411 1050
411 1437
411 1589
413 837
413 1499
413 1887
414 504
414 1078
414 1486
414 1907
415 767
415 1160
415 1801
415 1804
416 430
416 1139
417 616
418 809
418 1555
419 1267
420 484
420 1271
421 1276
421 1391
422 754
423 424
423 1194
423 1381
423 1791
424 1381
425 1006
425 1359
425 1782
426 1553
427 1851
428 559
428 1420
429 931
429 1060
429 1472
431 513
431 597
431 1890
432 664
432 1729
433 834
433 839
434 676
434 875
435 1415
435 1938
436 769
437 760
437 817
437 1179
438 548
438 1646
439 641
439 755
439 1276
439 1549
440 604
440 1744
441 482
441 1609
442 784
442 1259
443 931
444 1280
444 1599
445 1357
445 1924
446 797
446 856
447 570
447 1172
447 1696
447 1871
448 976
448 1519
450 951
450 977
450 1247
451 688
451 875
452 680
452 1546
452 1828
453 950
453 1055
453 1220
453 1247
453 1632
454 546
454 561
454 848
454 929
455 1223
456 651
457 519
457 523
457 534
457 1227
459 819
459 1063
460 540
460 1838
460 1869
463 620
463 852
463 1226
463 1456
464 1824
465 1232
465 1301
465 1391
465 1473
466 707
466 1105
467 1110
467 1862
468 666
468 1522
469 1878
470 888
470 1072
470 1092
471 760
471 1189
471 1716
472 1666
472 1667
472 1910
473 646
473 1501
474 907
474 1922
474 1955
475 557
475 1084
475 1306
476 516
476 1333
476 1663
477 1114
478 592
478 1950
479 645
479 1029
479 1041
479 1248
479 1714
480 885
480 1013
480 1044
480 1327
481 1030
481 1086
481 1576
481 1783
482 1293
482 1484
482 1862
483 943
483 1572
484 614
484 1861
487 608
488 1356
488 1517
489 907
490 529
490 844
490 940
491 679
491 1072
491 1604
491 1815
492 882
493 620
493 783
493 1131
494 998
494 1417
494 1704
495 1129
495 1199
495 1314
495 1367
495 1618
496 639
496 1076
496 1700
497 568
497 733
497 1389
498 1664
499 869
499 1022
499 1571
500 944
500 1889
501 861
503 570
503 1607
504 1144
505 1616
506 1051
506 1474
507 1030
508 1829
509 1792
509 1816
510 885
510 1901
511 618
511 1546
512 600
512 734
514 1473
514 1661
515 1441
516 1184
516 1414
516 1472
517 576
517 591
517 835
517 1153
517 1179
518 901
518 1363
519 664
520 693
520 816
521 567
522 1386
523 1419
524 1083
524 1513
524 1644
525 1258
525 1752
526 640
526 651
527 1137
527 1148
527 1311
528 572
529 997
530 933
530 1563
531 1448
532 572
532 602
532 834
533 1613
533 1760
533 1795
534 1179
535 1071
535 1565
535 1916
536 1070
536 1657
537 1733
538 1442
539 1396
539 1846
540 1012
540 1018
541 1153
542 1719
543 1739
544 1203
544 1347
545 1601
546 724
546 1615
546 1656
547 1141
547 1673
547 1887
548 876
548 1882
549 1366
549 1825
550 1470
550 1763
551 936
551 1745
552 605
552 1509
552 1747
554 1335
555 1514
556 1778
556 1796
556 1863
557 903
557 1278
557 1696
557 1860
558 904
558 1037
559 1454
559 1733
560 867
561 590
561 1461
562 948
562 1013
562 1509
563 801
563 1018
564 1014
565 640
565 870
566 1091
566 1789
566 1927
567 1592
568 757
568 1064
569 1811
570 623
570 819
570 1074
570 1469
570 1594
571 708
571 743
571 830
572 871
573 1587
574 1958
575 1063
577 605
577 1113
578 1679
579 851
579 1149
579 1445
580 1215
580 1683
581 915
581 1159
581 1226
581 1711
582 1392
583 1904
584 1847
585 906
585 1072
585 1539
587 700
587 956
587 966
588 818
588 1060
588 1595
588 1613
589 632
589 1440
592 1585
592 1699
593 604
594 1099
594 1196
595 717
595 1504
596 972
596 1679
597 912
597 1710
597 1752
598 873
599 691
600 768
601 925
601 1797
602 1387
603 882
604 982
605 1943
606 1010
606 1534
607 614
607 706
607 714
607 1550
609 618
609 712
609 1327
610 1329
611 716
611 1695
612 1158
612 1188
612 1392
613 1859
614 1697
615 921
615 1435
615 1877
615 1898
616 1728
617 1382
618 1134
618 1885
619 1009
620 1504
621 965
622 1101
622 1522
623 1604
624 899
624 1261
624 1266
624 1929
625 792
626 834
626 1060
626 1507
626 1694
628 891
628 985
629 855
629 1235
630 796
631 1087
631 1225
634 986
634 1668
634 1687
635 996
635 1336
635 1361
636 988
636 1678
636 1837
637 1478
638 1856
638 1868
639 1833
639 1849
640 1364
641 798
641 1378
641 1402
642 1829
643 719
643 1020
643 1849
644 1491
645 1020
646 1003
647 1628
648 1157
648 1825
649 830
650 886
651 824
651 1701
652 865
652 1635
653 1772
653 1885
654 1001
655 1530
656 1419
656 1614
658 696
658 800
658 871
659 1003
659 1913
660 1759
660 1894
661 1213
662 941
662 1497
662 1639
662 1911
663 1093
663 1132
663 1550
663 1649
663 1725
663 1856
664 762
664 1013
665 1413
665 1661
666 745
667 1874
668 1059
668 1743
668 1932
669 822
669 1240
669 1265
669 1660
670 937
671 1931
672 1122
674 989
674 1288
675 1015
675 1868
676 1642
677 756
678 1841
680 1009
681 1027
682 1654
683 1149
683 1273
685 765
685 914
686 887
686 1827
687 1927
689 1667
690 722
690 890
690 950
691 1123
691 1202
691 1208
691 1323
692 728
692 1852
693 1460
694 1202
695 838
695 1754
695 1769
697 895
697 1786
698 999
698 1928
699 914
699 1926
700 1128
700 1498
700 1599
700 1702
700 1943
701 1128
703 1260
703 1292
704 1028
705 1912
706 1698
706 1919
707 790
707 1214
707 1542
709 805
709 1695
710 1502
711 1754
711 1770
712 1203
712 1381
712 1521
712 1900
713 1432
713 1601
713 1840
714 1923
715 1241
716 1183
716 1378
716 1488
716 1793
718 1572
720 721
720 778
721 1137
721 1195
721 1412
722 866
722 1678
722 1915
722 1942
723 1627
724 1306
724 1467
725 819
725 1750
726 869
726 1159
727 1176
727 1519
729 755
729 1712
730 920
730 1531
732 956
732 1017
732 1287
733 829
733 1574
734 774
734 1799
735 1571
735 1823
735 1845
736 1012
736 1406
737 985
737 1568
737 1729
738 1282
738 1419
738 1560
739 1011
739 1944
740 1288
740 1839
741 750
742 791
742 1842
742 1872
743 940
745 1067
745 1491
746 882
747 1851
749 1750
751 1606
752 772
753 1267
753 1523
753 1559
754 774
754 1349
754 1645
755 1516
756 984
756 988
757 859
757 865
757 1084
758 1183
759 1022
759 1700
760 1320
760 1844
761 1174
761 1535
761 1716
762 1688
763 1231
763 1385
764 1329
765 1630
766 878
766 1195
766 1246
767 826
767 1362
767 1493
768 1927
770 1038
771 1823
772 912
772 1882
773 817
774 1152
774 1193
775 1791
776 1065
776 1146
776 1526
776 1611
776 1936
777 1038
777 1258
778 1570
779 916
779 1322
780 1681
781 1927
782 1660
782 1899
783 1659
783 1726
784 1510
784 1532
784 1678
785 1954
786 828
786 1173
786 1450
786 1896
787 850
787 984
787 1071
788 870
788 1397
789 1033
790 1236
790 1847
792 1602
793 946
794 1354
795 1018
795 1301
796 988
796 1680
797 1337
798 1239
799 948
800 1561
800 1652
800 1693
801 851
801 1484
802 1099
802 1137
803 1471
804 820
804 1873
805 1356
806 1769
807 931
807 1464
807 1565
807 1687
808 978
808 1581
809 1191
810 1503
810 1831
811 1620
812 908
812 1047
812 1150
812 1793
813 1502
814 1299
814 1855
815 1014
816 1813
817 964
819 1490
821 1224
821 1250
821 1302
821 1497
823 864
823 1186
824 1658
825 862
825 923
825 1668
826 854
826 1243
826 1455
827 879
828 832
830 954
831 1909
832 1342
832 1843
833 1183
833 1692
834 1095
836 1736
837 884
839 1447
839 1781
839 1870
840 1451
841 1552
847 1221
847 1936
848 1592
848 1634
849 1330
849 1371
850 888
850 1699
850 1873
851 1581
852 1325
852 1506
853 940
855 898
858 863
860 1250
860 1341
861 1390
861 1708
862 987
863 1285
863 1638
865 955
865 1320
865 1384
865 1555
865 1691
866 937
866 945
866 1166
866 1283
866 1502
867 1710
868 1177
868 1296
868 1730
869 1842
873 1193
874 1009
874 1949
874 1951
875 1297
875 1796
876 1136
876 1197
876 1885
877 1200
877 1428
877 1679
878 1254
879 1710
879 1738
880 1041
881 1315
881 1441
883 1945
885 1762
886 1203
886 1754
888 906
888 1591
888 1802
889 909
889 1327
890 1133
890 1411
891 934
891 1121
892 1594
893 1087
894 1380
895 912
896 1052
897 1942
898 1150
898 1902
900 1085
902 1760
903 967
906 1335
906 1433
906 1929
907 1088
907 1251
907 1876
908 1497
908 1770
909 1385
909 1511
909 1756
910 1358
910 1731
911 1486
911 1715
911 1905
912 936
913 1467
914 1079
914 1745
915 1483
915 1544
916 1086
916 1147
916 1260
916 1476
917 1481
918 1098
918 1171
919 930
920 1272
921 1270
921 1317
921 1549
922 1414
922 1507
924 1926
926 1413
927 1105
927 1322
928 1796
930 1291
930 1352
930 1443
932 1938
933 1755
935 1031
935 1489
935 1722
937 1666
939 1227
939 1489
940 1035
940 1106
940 1243
942 1207
942 1835
943 1007
943 1605
944 1000
946 1318
947 1164
947 1816
948 1098
948 1667
949 1365
952 1498
953 1207
953 1494
953 1547
955 1136
957 1008
958 1947
959 1485
960 981
960 1686
961 1237
962 1558
963 1080
963 1304
963 1899
963 1926
964 1486
965 1506
968 1783
969 1185
969 1585
969 1609
970 1647
970 1787
970 1956
971 1317
971 1912
972 1854
974 984
975 1349
977 1306
979 1286
979 1429
979 1431
979 1463
980 1708
980 1790
982 1204
982 1932
983 1433
984 1751
985 986
985 1069
985 1859
987 1472
990 1063
990 1573
990 1703
991 1400
991 1435
991 1945
992 1390
992 1759
993 1594
994 1511
994 1945
995 1545
995 1758
996 1509
997 1480
997 1505
997 1737
998 1261
999 1339
999 1946
1000 1402
1001 1449
1001 1458
1002 1567
1004 1678
1004 1902
1006 1848
1008 1258
1009 1215
1009 1559
1011 1656
1011 1684
1012 1332
1013 1486
1013 1538
1013 1789
1014 1334
1015 1624
1016 1251
1016 1839
1017 1651
1017 1771
1019 1117
1021 1314
1022 1129
1024 1640
1025 1496
1025 1774
1026 1665
1026 1851
1028 1175
1028 1864
1029 1885
1031 1144
1031 1631
1031 1674
1032 1384
1033 1115
1033 1383
1034 1527
1034 1820
1035 1134
1036 1120
1036 1308
1036 1948
1038 1094
1039 1668
1040 1188
1040 1268
1040 1330
1040 1726
1040 1879
1043 1229
1044 1502
1045 1282
1045 1554
1045 1588
1046 1578
1046 1727
1047 1457
1048 1247
1048 1669
1048 1701
1048 1723
1048 1739
1049 1140
1049 1626
1050 1168
1051 1396
1051 1613
1052 1954
1053 1911
1055 1244
1055 1780
1056 1307
1056 1776
1057 1367
1057 1417
1059 1151
1061 1321
1061 1380
1062 1218
1062 1428
1063 1307
1063 1430
1064 1299
1064 1945
1065 1241
1066 1119
1066 1445
1067 1372
1068 1295
1068 1750
1069 1495
1069 1580
1069 1821
1070 1852
1070 1856
1072 1413
1072 1485
1073 1751
1075 1092
1075 1659
1075 1733
1076 1258
1076 1329
1077 1706
1079 1254
1081 1101
1081 1369
1082 1247
1083 1241
1083 1264
1083 1908
1084 1402
1085 1586
1088 1622
1089 1283
1089 1393
1089 1824
1090 1799
1091 1242
1091 1578
1094 1814
1096 1695
1097 1788
1097 1897
1099 1431
1100 1417
1100 1776
1103 1405
1103 1481
1104 1295
1104 1523
1104 1572
1105 1528
1105 1635
1107 1309
1107 1384
1107 1828
1109 1164
1109 1890
1110 1786
1111 1702
1112 1538
1113 1254
1114 1352
1114 1506
1114 1670
1115 1593
1115 1768
1116 1676
1118 1340
1119 1709
1119 1756
1120 1318
1120 1453
1120 1644
1124 1943
1125 1421
1125 1671
1126 1344
1127 1447
1127 1606
1127 1638
1131 1769
1132 1292
1132 1692
1133 1943
1134 1700
1136 1171
1137 1567
1137 1808
1137 1923
1138 1558
1138 1746
1141 1398
1141 1514
1141 1559
1142 1224
1143 1279
1145 1544
1147 1778
1148 1498
1148 1583
1150 1468
1150 1618
1151 1273
1151 1725
1152 1729
1153 1500
1158 1289
1160 1742
1161 1568
1162 1386
1163 1930
1164 1778
1166 1926
1167 1372
1167 1377
1167 1620
1167 1624
1169 1865
1170 1750
1170 1789
1175 1471
1176 1641
1178 1221
1178 1392
1178 1466
1178 1501
1182 1385
1182 1857
1183 1283
1185 1221
1185 1444
1186 1365
1186 1791
1188 1246
1188 1423
1191 1238
1191 1800
1192 1241
1192 1297
1192 1693
1193 1222
1193 1294
1194 1231
1194 1586
1197 1853
1198 1424
1198 1517
1199 1365
1199 1366
1201 1645
1202 1240
1203 1452
1205 1436
1205 1803
1206 1543
1208 1247
1209 1452
1209 1626
1210 1559
1212 1213
1213 1597
1214 1721
1215 1283
1215 1489
1217 1622
1217 1820
1219 1438
1221 1475
1222 1793
1223 1797
1225 1359
1225 1653
1226 1321
1228 1428
1229 1470
1229 1546
1234 1355
1235 1404
1238 1589
1240 1407
1240 1850
1243 1440
1245 1439
1245 1669
1246 1425
1248 1776
1249 1343
1252 1768
1252 1881
1253 1653
1254 1848
1255 1752
1255 1848
1256 1576
1256 1654
1258 1314
1259 1421
1259 1512
1259 1915
1263 1470
1266 1342
1266 1923
1267 1289
1271 1339
1271 1410
1271 1592
1273 1698
1274 1312
1274 1760
1275 1388
1276 1330
1276 1471
1276 1835
1278 1916
1279 1694
1281 1677
1281 1758
1281 1800
1284 1800
1285 1348
1286 1548
1288 1291
1289 1621
1290 1311
1292 1454
1294 1573
1294 1697
1294 1697
1295 1446
1296 1627
1296 1902
1297 1815
1298 1409
1298 1683
1299 1670
1300 1452
1300 1928
1302 1462
1305 1684
1306 1398
1307 1667
1307 1903
1308 1770
1309 1614
1310 1355
1310 1654
1311 1435
1314 1933
1315 1327
1315 1537
1315 1883
1316 1520
1318 1555
1319 1330
1319 1526
1323 1468
1323 1617
1324 1700
1326 1522
1327 1753
1328 1680
1328 1946
1332 1372
1333 1393
1333 1783
1334 1923
1336 1532
1337 1574
1338 1854
1339 1658
1340 1939
1341 1523
1343 1620
1345 1828
1345 1836
1347 1665
1348 1572
1349 1468
1349 1857
1350 1739
1351 1848
1352 1727
1352 1929
1357 1417
1358 1861
1360 1634
1361 1374
1361 1610
1363 1415
1363 1469
1363 1837
1363 1906
1366 1503
1366 1732
1369 1597
1370 1856
1370 1920
1373 1395
1375 1667
1379 1757
1379 1764
1380 1469
1384 1462
1387 1802
1388 1401
1388 1707
1389 1775
1391 1886
1394 1396
1397 1570
1397 1833
1399 1744
1400 1409
1400 1920
1400 1954
1402 1851
1403 1843
1405 1480
1406 1418
1406 1916
1410 1759
1413 1757
1413 1917
1421 1491
1421 1767
1424 1882
1425 1730
1426 1788
1428 1749
1429 1777
1434 1904
1435 1705
1435 1894
1438 1645
1438 1729
1439 1916
1441 1704
1442 1583
1443 1529
1443 1812
1443 1864
1444 1662
1446 1551
1446 1840
1449 1627
1450 1585
1451 1626
1454 1695
1454 1835
1458 1617
1459 1487
1462 1477
1464 1642
1465 1473
1465 1953
1466 1881
1469 1819
1470 1740
1472 1833
1474 1850
1474 1897
1476 1564
1478 1588
1479 1636
1481 1871
1487 1825
1488 1672
1490 1738
1492 1545
1495 1751
1495 1865
1496 1597
1499 1948
1501 1598
1501 1860
1502 1637
1504 1664
1506 1560
1509 1741
1510 1663
1512 1687
1512 1781
1514 1875
1515 1806
1516 1603
1518 1736
1519 1778
1519 1812
1519 1867
1521 1605
1525 1732
1530 1942
1531 1884
1533 1587
1533 1627
1535 1561
1535 1857
1536 1625
1537 1918
1552 1748
1556 1609
1557 1760
1558 1741
1561 1676
1562 1888
1564 1689
1565 1659
1565 1713
1566 1628
1567 1718
1567 1866
1568 1754
1569 1748
1571 1744
1575 1853
1575 1912
1577 1892
1580 1952
1581 1905
1581 1927
1584 1614
1587 1810
1588 1789
1590 1775
1590 1914
1593 1846
1601 1762
1604 1765
1605 1640
1607 1612
1607 1695
1608 1899
1608 1944
1615 1718
1624 1871
1625 1866
1628 1637
1629 1705
1630 1721
1635 1957
1637 1735
1640 1765
1640 1834
1641 1668
1641 1815
1643 1899
1648 1950
1649 1706
1650 1758
1654 1889
1656 1663
1667 1738
1667 1747
1680 1895
1682 1835
1691 1901
1692 1934
1694 1871
1694 1930
1695 1805
1695 1824
1696 1712
1700 1724
1708 1829
1709 1955
1710 1792
1710 1937
1711 1739
1714 1907
1717 1777
1719 1756
1730 1874
1733 1834
1734 1907
1734 1935
1741 1820
1744 1886
1747 1919
1756 1949
1759 1840
1763 1795
1766 1795
1768 1909
1769 1830
1784 1912
1790 1826
1792 1871
1806 1919
1809 1888
1836 1952
1841 1902
1848 1932
1872 1916
1873 1889
1877 1918
1892 1904
1896 1957
