1970 4846
1 209
1 213
1 867
1 1020
1 1447
1 1603
1 1879
2 110
2 240
2 687
3 252
3 1169
3 1596
3 1837
4 688
4 921
4 1254
4 1690
4 1786
4 1941
5 831
5 940
5 1502
5 1722
5 1951
5 1952
6 424
6 555
6 799
6 1828
7 64
7 790
7 1387
8 186
8 436
8 553
8 708
8 989
9 430
9 856
9 940
9 1145
9 1278
9 1695
10 542
10 695
10 761
10 946
11 29
11 181
11 1396
12 115
12 219
12 322
12 1533
12 1534
12 1599
12 1793
12 1951
13 501
13 714
13 845
13 1661
14 598
14 614
14 897
14 1071
14 1857
14 1938
15 445
15 965
15 992
15 1018
16 62
16 97
16 173
16 1074
16 1358
16 1905
17 91
17 138
17 140
17 464
17 772
17 1421
17 1821
18 216
18 350
18 522
18 701
18 850
18 1369
18 1384
19 317
19 1289
19 1378
20 273
20 287
20 962
20 1237
20 1331
20 1779
21 198
21 247
21 1168
21 1515
21 1547
22 35
22 408
22 808
22 872
22 1162
22 1441
22 1618
22 1880
22 1927
23 304
23 891
23 1044
23 1694
24 927
25 899
25 1333
25 1683
26 280
26 532
26 678
26 756
26 1157
26 1318
26 1927
27 95
27 147
27 701
27 743
28 63
28 196
28 730
28 785
28 1556
28 1891
29 74
29 860
29 952
29 1005
29 1433
29 1656
30 109
30 231
30 285
30 853
30 890
30 1254
30 1940
31 272
31 538
31 576
31 1642
31 1700
31 1702
32 67
32 167
32 388
32 1055
32 1961
33 427
33 448
33 494
33 603
33 726
33 961
33 1429
33 1642
33 1770
34 94
34 198
34 600
34 1123
34 1355
34 1552
34 1594
35 316
35 1641
35 1690
36 82
36 188
36 631
36 1137
36 1697
36 1766
37 994
37 1327
37 1333
37 1761
37 1917
38 215
38 524
38 1400
38 1534
39 684
39 813
39 1091
39 1175
39 1592
39 1605
39 1890
40 319
40 678
40 1068
40 1366
40 1559
41 1128
41 1767
41 1797
41 1803
42 886
42 1253
43 321
43 400
43 642
43 914
44 630
44 808
44 883
44 1061
44 1156
44 1814
45 135
45 1078
45 1384
45 1800
46 571
46 1014
46 1270
46 1665
47 598
47 668
47 1008
47 1276
47 1442
47 1539
47 1776
47 1873
48 1094
49 267
49 833
50 204
50 800
50 866
51 418
51 639
51 1003
51 1074
51 1432
51 1562
51 1743
51 1827
52 124
52 332
52 1959
53 1562
53 1599
53 1660
53 1713
54 1200
54 1208
54 1448
54 1876
55 427
55 514
55 909
55 1442
55 1572
55 1638
55 1826
56 325
56 518
56 1591
56 1793
56 1895
57 194
57 533
57 1244
57 1800
58 271
58 508
58 756
58 1180
58 1731
58 1830
59 341
59 374
59 412
59 1148
59 1839
60 428
60 679
60 796
60 883
60 996
60 1102
60 1508
60 1959
61 1533
61 1653
61 1703
62 90
62 603
62 1249
62 1873
63 736
63 1090
63 1237
63 1590
63 1680
63 1699
64 252
64 517
65 241
65 723
65 1224
65 1614
65 1860
66 629
66 666
66 1032
66 1095
66 1321
66 1892
66 1917
67 177
67 844
67 1410
67 1616
68 172
68 459
68 1203
68 1747
69 378
69 1285
69 1616
70 339
70 744
70 978
70 1771
71 199
71 528
71 603
71 1324
72 468
72 508
72 731
72 1342
73 343
73 1032
73 1207
73 1371
73 1433
73 1755
74 141
74 341
74 457
74 556
74 922
74 1327
75 146
75 793
75 983
75 1166
75 1205
76 434
76 831
76 1619
77 341
77 918
77 929
77 1099
77 1186
78 609
78 1025
78 1640
78 1675
79 909
79 935
79 1193
79 1504
79 1537
80 1561
81 255
81 717
81 879
81 1220
81 1315
82 341
82 413
82 1528
82 1843
82 1936
83 112
83 655
83 798
83 1212
84 454
84 634
84 1033
84 1163
84 1924
85 559
85 1017
85 1168
85 1565
85 1755
86 318
86 616
86 657
87 1380
88 681
88 714
88 926
88 1567
88 1817
89 233
89 492
89 1834
90 109
90 330
90 1044
90 1184
90 1729
91 943
91 1513
91 1665
91 1929
92 192
92 963
92 1568
92 1828
92 1918
93 167
93 245
94 603
94 805
94 899
94 1079
94 1637
94 1765
94 1948
95 423
95 1223
95 1266
95 1505
96 117
96 712
96 715
96 1826
97 795
97 886
97 1714
97 1739
98 142
98 370
98 781
98 814
98 992
98 1525
98 1869
99 380
99 992
99 1523
99 1566
99 1681
99 1843
99 1887
100 527
100 629
100 993
100 1338
100 1481
100 1824
101 167
101 258
101 579
101 936
101 1914
102 876
102 988
102 1201
102 1963
103 472
103 1468
103 1535
104 519
104 569
104 952
104 999
104 1249
104 1689
104 1728
105 537
105 696
105 1110
105 1229
105 1253
106 428
106 455
106 596
107 493
107 531
107 793
107 995
107 1045
107 1319
107 1491
108 199
108 256
108 630
108 1085
108 1946
109 184
109 211
109 449
109 1389
110 485
110 1153
110 1256
110 1356
110 1628
110 1892
110 1957
111 531
111 996
111 1893
112 555
112 972
112 1173
112 1353
113 155
113 374
113 438
113 936
114 865
114 1597
114 1601
115 161
115 429
115 752
115 783
115 1723
115 1866
116 328
116 557
116 936
117 355
117 477
117 882
117 1112
117 1435
117 1751
118 633
118 653
119 256
119 451
119 492
119 788
119 865
119 1568
119 1579
120 229
120 842
120 1457
120 1814
121 396
121 554
121 692
121 1265
121 1600
121 1693
122 570
122 588
122 738
123 194
123 467
123 665
124 477
124 1028
124 1589
124 1910
124 1960
125 336
125 735
125 1338
125 1621
126 156
126 326
126 365
126 963
126 1010
126 1569
126 1732
127 261
127 1636
127 1690
127 1821
127 1960
128 569
128 1097
128 1103
128 1131
128 1432
128 1491
128 1567
129 220
129 350
129 476
129 1434
129 1528
130 736
130 1005
130 1218
130 1492
130 1587
130 1920
131 311
131 374
131 784
131 1544
132 481
132 780
132 910
132 1032
132 1524
132 1525
132 1910
133 703
133 1062
133 1547
133 1818
133 1955
134 862
134 1595
135 376
135 652
135 1249
135 1553
136 510
136 1716
137 563
137 718
137 1217
137 1393
137 1680
137 1857
138 152
138 565
138 941
138 1485
139 441
139 470
139 739
139 1279
139 1300
139 1311
139 1603
139 1683
139 1945
140 270
140 400
140 734
140 951
140 1222
140 1477
141 1383
141 1748
142 675
142 915
142 1489
142 1769
143 292
143 1083
143 1229
143 1508
144 191
144 459
144 696
144 1791
145 1513
145 1604
145 1857
146 605
146 1045
147 656
147 913
147 1421
148 428
148 495
148 1625
148 1868
149 1320
149 1650
150 635
150 1688
150 1761
151 800
151 1152
151 1940
152 192
152 1054
152 1262
152 1266
152 1304
152 1740
153 494
153 930
153 1074
153 1400
153 1427
153 1454
153 1689
154 178
154 442
154 973
154 1201
154 1522
154 1959
155 504
155 534
155 665
155 1198
155 1320
155 1500
156 256
156 973
156 1036
156 1044
156 1053
156 1213
156 1502
157 230
157 507
157 702
158 413
158 563
158 583
158 588
158 696
158 736
158 1744
158 1846
158 1880
159 493
159 1521
160 239
160 906
160 1005
160 1439
161 247
161 361
161 660
161 717
161 896
161 1125
161 1713
161 1900
161 1957
162 424
162 788
162 942
162 1530
163 960
163 1213
163 1422
163 1576
164 267
164 276
164 407
164 714
164 902
164 1005
164 1280
164 1506
165 484
165 683
165 1043
165 1214
165 1882
166 625
166 847
166 1043
166 1220
166 1424
167 469
167 774
168 813
169 1691
170 185
170 338
170 737
170 881
170 1246
170 1613
170 1709
171 226
171 319
171 383
171 1092
172 1556
172 1789
172 1845
172 1949
173 1077
173 1178
174 320
174 1734
175 310
175 365
175 1744
175 1951
176 652
176 906
176 1558
176 1603
177 455
177 603
177 838
177 839
177 1241
177 1406
177 1515
177 1622
178 659
178 684
178 1341
178 1547
178 1708
178 1871
179 255
179 287
179 477
179 691
179 695
179 1114
179 1797
180 415
180 531
180 773
180 1342
180 1358
181 296
181 315
181 1876
182 300
182 554
182 782
182 1318
182 1473
182 1852
183 654
183 797
183 1359
183 1532
184 408
184 445
184 804
184 872
184 976
185 765
185 800
185 1124
185 1132
186 1073
186 1436
187 438
187 617
187 1013
187 1116
187 1522
188 842
188 1417
189 498
189 845
189 1196
189 1918
190 271
190 307
190 490
190 643
190 1767
190 1818
191 991
191 1263
191 1341
191 1756
192 305
192 753
192 965
193 228
193 681
193 1486
193 1912
194 365
194 1171
194 1482
195 290
195 339
195 463
195 636
195 1117
195 1278
195 1506
195 1793
196 358
196 1967
197 839
197 1158
197 1172
197 1833
198 870
198 1335
198 1502
198 1878
199 202
199 627
199 1067
199 1282
200 743
200 823
200 917
200 1422
200 1567
200 1610
201 576
201 621
201 728
201 792
201 830
201 965
201 1422
201 1911
201 1912
202 529
202 730
202 1268
202 1271
202 1759
203 559
203 901
203 1394
203 1478
203 1588
203 1704
203 1832
203 1892
204 1044
205 328
205 379
205 829
205 1015
205 1015
205 1463
205 1472
205 1475
205 1728
205 1906
206 233
206 293
206 909
206 1173
206 1230
206 1275
206 1710
207 599
207 1484
207 1621
208 319
208 798
208 832
208 964
208 1527
209 491
209 803
209 1000
209 1016
210 395
210 905
210 1158
210 1185
210 1866
211 673
211 1541
211 1633
211 1964
212 276
212 1088
212 1752
212 1903
213 280
213 493
213 617
213 1040
213 1851
214 234
214 346
214 768
214 905
214 1403
214 1808
214 1823
214 1927
215 218
215 1962
216 646
216 1443
217 344
217 797
217 953
217 1053
217 1831
218 783
218 1663
219 254
219 361
219 987
219 1171
219 1569
219 1684
220 1656
220 1741
221 370
221 913
221 1294
222 537
222 708
222 1609
222 1669
222 1879
223 742
223 785
223 846
223 1910
224 351
224 622
224 934
224 1409
224 1436
224 1840
224 1860
225 359
225 593
225 700
225 1523
225 1806
226 648
226 994
226 1255
227 785
227 1362
227 1732
227 1826
228 348
228 427
228 531
228 934
228 969
228 1778
229 309
229 378
229 954
230 654
230 821
230 982
230 1022
230 1180
230 1426
230 1646
231 274
231 416
231 605
231 635
231 696
231 1725
231 1726
231 1827
232 335
232 538
232 627
232 936
232 1022
233 339
233 839
233 847
233 1034
234 1047
234 1430
234 1954
235 472
235 885
235 903
236 296
236 549
236 668
236 1090
236 1147
237 350
237 468
237 1077
238 464
238 718
238 1572
238 1671
238 1733
239 1024
239 1257
239 1267
239 1531
240 331
240 528
240 684
240 882
240 1245
240 1471
240 1491
241 312
241 935
241 1045
241 1616
242 553
242 702
242 1591
242 1603
242 1659
242 1695
243 849
243 1148
243 1244
243 1703
243 1812
244 352
244 1905
244 1958
245 365
245 439
245 937
245 1052
245 1457
245 1502
246 1457
246 1479
246 1536
246 1617
248 273
248 801
248 841
248 841
248 904
248 1042
248 1516
249 398
249 1210
249 1443
249 1815
249 1967
250 629
250 1253
250 1479
250 1511
251 374
251 572
251 1165
251 1276
251 1573
252 759
252 1468
253 1115
253 1222
253 1467
253 1669
253 1709
253 1772
253 1773
253 1932
254 1571
254 1610
254 1775
255 485
255 521
255 580
255 710
255 1292
256 571
256 639
256 697
257 656
257 851
257 1086
257 1349
258 919
258 1565
258 1907
259 437
259 504
259 868
259 1381
259 1696
259 1714
260 522
260 1750
260 1796
261 752
261 929
261 1457
261 1469
262 303
262 608
262 1113
262 1161
262 1219
262 1653
263 336
263 402
263 558
264 423
264 1504
265 486
265 1073
265 1125
265 1180
265 1217
265 1384
266 417
266 815
266 907
266 1207
266 1602
266 1927
267 364
267 392
267 1035
267 1590
268 495
268 555
268 633
268 651
268 1474
269 667
269 755
269 934
269 978
269 1204
270 422
270 1125
270 1432
270 1895
270 1933
271 297
271 566
271 845
271 1508
271 1869
271 1921
272 385
272 743
272 1114
272 1228
272 1491
273 672
273 683
273 1113
273 1836
273 1845
273 1872
274 353
274 447
274 777
274 1042
274 1204
274 1510
275 306
275 1429
275 1554
275 1633
275 1898
276 328
276 851
276 1172
276 1522
277 911
277 1033
277 1128
277 1436
278 548
278 567
278 1247
278 1263
278 1329
278 1829
279 426
279 1834
279 1951
280 393
280 1654
281 357
281 644
281 994
281 1485
282 707
282 1012
282 1655
283 493
283 539
283 780
283 1229
283 1268
283 1297
283 1931
284 381
284 1885
285 501
285 821
285 962
285 1348
285 1807
286 428
286 475
286 607
287 294
287 364
287 890
287 1610
287 1693
287 1733
288 365
288 381
288 517
288 538
288 752
288 1048
288 1249
288 1937
289 389
289 1080
289 1291
289 1654
290 533
290 750
290 1162
290 1471
290 1488
290 1519
290 1575
290 1729
291 687
291 1452
291 1551
291 1602
293 658
293 928
293 1089
293 1304
293 1596
294 362
294 413
294 769
294 1076
294 1269
294 1326
294 1684
295 847
295 1190
295 1212
295 1429
296 335
296 529
296 672
296 770
296 1144
296 1709
296 1746
296 1762
296 1800
296 1829
297 1091
297 1844
298 805
298 1965
299 543
299 997
299 1113
299 1382
299 1402
299 1600
299 1615
299 1825
299 1943
300 939
300 1106
300 1204
300 1293
300 1683
300 1772
301 319
301 1432
302 366
302 814
302 1069
302 1085
302 1389
302 1495
302 1548
302 1560
303 310
303 694
303 1399
303 1521
303 1561
304 376
304 563
304 574
304 658
304 710
304 1283
304 1968
305 1058
305 1576
306 547
306 963
306 1954
307 422
307 1121
307 1211
307 1643
308 539
308 704
308 1176
308 1538
308 1603
308 1727
309 345
309 541
309 1160
309 1162
310 682
310 1460
310 1621
310 1646
311 1633
311 1637
312 1825
313 490
313 588
313 814
313 1284
313 1897
314 1524
314 1577
314 1809
314 1854
315 830
315 1028
315 1510
315 1733
315 1791
316 686
316 1649
317 376
317 554
317 805
317 1338
317 1575
317 1593
318 811
318 924
318 1087
318 1324
318 1431
318 1546
318 1771
319 670
319 1095
319 1583
319 1945
320 340
320 618
320 662
320 930
320 1085
320 1259
320 1743
321 723
321 856
321 1767
322 1251
322 1451
322 1507
322 1615
323 421
323 702
323 725
323 1386
324 506
324 1059
324 1321
324 1528
324 1933
325 937
325 1351
326 465
326 553
326 598
326 1357
326 1530
327 361
327 628
327 1300
327 1731
327 1849
328 1632
328 1713
329 334
329 952
329 1392
329 1460
329 1516
329 1613
330 1021
330 1064
331 1097
331 1860
332 568
332 808
332 1151
333 965
333 972
333 1171
334 1148
334 1335
335 365
335 987
335 1236
335 1919
336 517
336 731
336 962
336 1357
336 1472
337 507
337 528
337 1016
337 1662
338 654
338 708
338 1149
338 1750
338 1949
339 742
339 1223
339 1524
339 1871
340 514
340 745
340 934
340 1618
340 1965
341 483
341 487
341 860
341 976
341 1909
342 456
342 918
342 1063
342 1573
342 1710
343 658
343 890
343 1383
344 829
344 1212
345 387
345 879
345 1236
345 1769
345 1877
346 467
346 576
346 698
346 773
346 962
346 1167
346 1359
346 1410
346 1645
347 683
347 1170
347 1519
347 1678
348 629
348 980
348 1070
348 1255
349 361
349 1226
349 1385
349 1412
349 1604
349 1661
349 1897
350 919
350 1625
351 353
351 909
351 1710
351 1904
352 491
352 536
352 771
352 831
352 886
352 940
352 992
352 1025
352 1247
352 1561
352 1729
353 721
353 1044
353 1048
354 493
355 490
355 1147
355 1196
355 1347
356 864
356 1041
356 1172
356 1184
356 1330
356 1736
357 736
357 903
357 913
357 972
357 1027
358 401
358 483
358 624
358 780
358 1270
358 1412
358 1762
359 1491
359 1512
360 891
360 1049
360 1347
361 824
361 1100
361 1379
362 721
362 1159
362 1424
362 1476
363 878
363 971
363 1329
363 1590
364 778
364 1098
364 1499
364 1736
365 1424
366 640
366 761
366 791
366 1017
366 1142
366 1427
366 1574
366 1683
367 590
367 643
367 672
367 865
367 1368
368 983
368 1057
368 1076
368 1544
368 1615
369 683
369 910
369 1264
369 1354
370 599
370 998
370 1029
370 1068
370 1268
370 1470
370 1856
371 1292
371 1631
372 764
372 976
372 1641
373 866
373 899
373 1450
374 726
375 1043
375 1567
375 1753
375 1756
375 1833
375 1943
376 409
376 635
376 757
376 901
376 1526
376 1625
377 445
377 836
377 880
377 1019
377 1842
378 1048
378 1293
378 1927
379 578
379 683
379 1626
380 899
380 1543
381 529
381 1115
381 1891
382 386
382 470
382 1058
383 627
383 1154
383 1923
383 1966
384 627
384 1219
384 1773
384 1903
384 1931
385 454
385 572
385 595
385 712
385 772
385 1535
386 1148
386 1150
386 1372
387 821
387 1101
387 1272
387 1288
387 1554
388 1037
389 482
389 1145
389 1513
389 1615
390 643
390 644
390 1384
390 1550
391 1544
391 1884
392 1110
392 1340
392 1459
393 971
393 1261
393 1451
393 1915
393 1947
394 564
394 707
394 998
394 1175
395 1230
395 1641
396 817
396 903
396 919
396 1083
396 1538
397 461
397 529
397 1674
397 1812
398 426
398 513
398 1010
398 1095
398 1764
399 973
399 1782
400 763
400 1169
401 424
402 818
402 927
403 420
403 766
403 1245
403 1286
403 1752
404 423
404 1303
404 1323
404 1395
405 645
405 699
405 1326
405 1449
405 1942
406 1345
406 1518
406 1710
407 536
407 561
407 601
407 1006
407 1531
407 1681
407 1777
408 451
408 457
408 805
408 851
408 932
408 1547
408 1652
409 710
409 893
409 906
409 908
409 1195
409 1743
409 1914
410 1327
410 1334
410 1487
410 1774
411 902
411 935
411 1193
411 1321
411 1443
411 1803
412 960
412 1572
413 547
413 833
413 978
413 1084
414 676
414 932
414 1033
414 1196
415 629
415 631
415 795
415 1413
415 1684
415 1729
416 631
416 687
416 689
416 933
416 1503
416 1938
417 418
417 671
417 1200
417 1410
417 1720
417 1733
418 819
418 886
418 1435
419 608
419 743
419 979
419 1190
419 1406
421 958
421 1298
421 1465
421 1526
421 1868
422 629
422 1311
422 1495
424 1216
424 1237
424 1372
425 598
425 711
425 1340
425 1724
425 1908
426 492
426 1184
426 1321
426 1369
426 1387
426 1436
426 1447
426 1959
427 473
427 1808
427 1862
428 454
428 500
428 1114
428 1668
429 897
429 1404
430 833
430 1204
430 1443
430 1636
431 942
431 973
431 1529
431 1751
431 1762
432 586
432 912
432 1076
432 1107
432 1187
432 1339
432 1758
432 1762
433 672
433 1806
434 721
434 991
434 1489
434 1923
435 492
435 993
435 1086
435 1266
436 841
436 1253
436 1326
436 1690
437 810
437 1104
437 1625
438 1693
438 1802
439 466
439 587
439 1400
439 1637
439 1663
440 663
440 1684
440 1949
441 1157
441 1389
441 1504
441 1819
441 1915
443 450
443 883
443 1964
444 647
444 868
444 1128
444 1594
444 1643
445 446
445 539
445 1381
445 1424
445 1803
445 1915
446 844
446 945
446 965
446 1341
446 1382
446 1538
447 697
447 1590
448 512
448 1346
448 1649
448 1962
449 577
449 619
449 1049
449 1835
449 1860
450 635
450 1338
450 1752
451 759
451 766
451 964
451 1011
451 1304
451 1470
451 1796
451 1835
452 604
452 1518
452 1920
453 688
453 865
453 1645
454 845
454 958
454 966
455 482
455 530
455 713
455 876
455 1314
455 1816
456 952
456 1754
456 1763
457 550
457 655
457 784
457 1238
457 1540
457 1683
457 1699
457 1816
457 1918
458 1055
458 1166
458 1351
458 1781
459 473
459 1615
460 850
460 1105
460 1497
460 1713
461 1177
461 1525
461 1944
462 1021
462 1673
463 627
463 1146
463 1810
464 1101
465 1100
465 1642
466 523
466 590
466 1206
466 1766
467 594
467 1033
467 1333
467 1643
467 1751
467 1793
468 705
468 1316
468 1465
469 517
469 831
469 893
469 1344
469 1774
470 1477
471 472
471 623
471 635
471 1179
471 1277
471 1680
472 1550
472 1637
473 945
474 497
474 896
474 1177
475 822
475 1302
476 950
476 1040
476 1084
478 922
478 1684
479 869
479 910
479 1361
479 1524
480 983
480 1428
481 1207
481 1236
481 1406
481 1542
481 1907
482 721
482 1185
483 683
483 892
484 509
484 736
484 886
484 1465
484 1703
485 959
485 1790
486 1600
486 1699
486 1785
486 1883
487 658
487 722
487 917
487 1738
488 1148
488 1285
489 787
489 1230
489 1300
489 1400
489 1915
490 652
490 691
490 1068
491 729
491 884
491 1454
492 748
492 1717
494 530
494 584
494 1420
494 1425
494 1678
494 1954
495 1389
496 509
496 645
496 659
496 987
496 1899
497 874
497 1101
497 1552
497 1631
497 1683
498 1017
498 1091
498 1245
499 1229
499 1578
500 598
500 672
500 794
500 1714
500 1760
501 1309
501 1327
501 1871
501 1875
502 525
502 564
502 601
502 890
503 656
503 667
503 1320
503 1483
503 1734
504 1497
504 1624
505 666
505 1272
505 1690
506 926
506 1062
506 1912
506 1930
507 602
507 1250
507 1495
507 1819
508 646
508 829
508 1310
508 1508
508 1593
509 573
509 881
509 929
509 1003
509 1061
509 1481
509 1629
510 1223
510 1900
511 560
511 748
511 784
511 809
511 1208
511 1749
511 1864
512 1589
512 1622
512 1930
513 561
513 674
513 1034
513 1227
513 1605
514 1062
514 1705
515 852
515 1373
515 1539
515 1701
515 1887
516 1317
516 1968
517 664
517 1220
517 1918
518 699
519 1430
519 1588
519 1916
520 591
520 678
520 824
520 981
520 983
520 1229
520 1438
520 1557
521 883
521 954
521 1031
521 1187
521 1243
521 1558
521 1896
522 683
522 920
522 968
522 1075
522 1556
523 1012
523 1326
523 1445
523 1781
524 547
524 602
524 1241
524 1587
525 615
525 626
525 1189
526 903
526 1011
526 1880
527 741
527 1343
527 1380
527 1607
527 1724
527 1734
528 562
528 1551
528 1748
529 559
529 1078
529 1240
529 1776
530 568
530 622
530 985
530 1001
530 1024
530 1206
530 1245
530 1676
531 825
531 939
531 1739
532 1010
532 1488
532 1727
533 1024
533 1389
533 1778
534 954
534 1227
534 1735
535 606
535 952
535 1451
535 1703
536 1004
536 1391
537 806
537 1876
538 1667
538 1748
539 655
539 969
539 1404
539 1418
539 1617
539 1816
540 616
540 1302
540 1394
541 597
541 752
541 1181
541 1259
541 1280
541 1376
541 1683
542 705
542 1194
542 1395
542 1932
543 618
543 750
543 1512
543 1725
543 1882
543 1956
544 791
544 941
544 961
544 1043
544 1079
545 1382
545 1460
545 1464
545 1751
545 1929
546 895
546 1240
546 1961
547 748
547 769
547 1108
547 1342
547 1472
547 1649
548 739
548 1141
548 1367
549 559
549 708
549 1339
550 562
550 1006
551 1401
552 664
552 1038
552 1711
552 1799
553 766
553 1294
553 1300
553 1411
553 1572
554 901
554 1267
554 1676
555 821
555 1208
555 1257
555 1768
556 690
556 1368
556 1472
557 693
557 1018
557 1465
557 1683
557 1742
558 665
558 806
558 894
558 1722
559 1392
560 995
561 584
561 1190
561 1433
561 1753
561 1864
561 1945
562 847
562 1143
562 1318
562 1426
562 1781
563 617
563 738
563 1088
563 1176
563 1475
564 762
564 1564
564 1636
565 1364
565 1368
565 1433
565 1679
565 1770
566 964
566 1186
566 1216
567 612
567 913
568 917
568 1327
568 1468
568 1921
569 1471
569 1929
569 1945
570 1390
571 652
571 688
571 1021
571 1496
571 1753
571 1848
572 1470
573 1120
574 874
574 1490
574 1576
574 1918
575 866
575 880
575 1202
576 777
576 1222
576 1464
576 1925
577 866
577 1179
578 637
578 816
578 1206
579 635
579 752
579 1623
579 1691
579 1696
579 1870
580 1053
580 1224
580 1269
580 1875
581 761
581 1279
582 954
582 1055
582 1780
582 1940
583 1017
583 1132
585 1280
585 1453
585 1914
586 958
586 1038
586 1118
586 1502
587 597
587 669
587 697
587 1804
587 1811
588 1050
589 799
589 1032
589 1076
589 1378
589 1437
589 1630
589 1639
590 1395
590 1671
591 868
591 984
591 1370
592 928
592 1181
592 1321
592 1562
592 1612
593 1083
593 1141
593 1325
593 1764
593 1880
594 1019
594 1856
594 1857
595 1107
595 1493
596 647
596 959
596 1110
596 1823
597 706
597 1431
599 1254
599 1669
599 1921
600 647
600 1328
600 1369
600 1487
600 1963
601 608
601 634
601 1556
602 1055
602 1864
603 1075
603 1630
604 721
604 916
604 987
604 1480
604 1513
605 1110
605 1493
606 956
606 994
606 1071
606 1211
606 1731
607 972
607 1666
607 1882
608 1197
608 1712
608 1800
609 690
609 1505
609 1713
609 1725
609 1872
610 1341
610 1361
611 1027
611 1819
612 1133
612 1609
612 1631
613 706
613 1163
613 1215
613 1325
614 1438
614 1647
615 804
615 1017
615 1198
615 1250
615 1346
615 1644
616 708
616 969
616 1212
616 1559
617 768
617 947
617 1455
617 1694
617 1830
618 979
618 1023
618 1639
618 1885
619 802
619 837
619 1323
619 1347
619 1724
620 1316
620 1365
620 1590
620 1656
621 961
621 974
621 1036
621 1221
621 1602
621 1772
622 636
622 762
622 1084
622 1277
623 724
623 1331
623 1771
624 647
624 1092
624 1132
624 1404
624 1932
625 749
625 794
625 1020
625 1859
626 1095
626 1490
626 1757
626 1788
627 655
627 906
627 1438
627 1805
628 694
628 887
628 1033
628 1115
629 1125
629 1722
630 1371
631 731
631 742
631 934
631 1519
632 720
632 1013
632 1033
632 1066
633 958
633 1071
633 1767
634 1205
634 1542
634 1567
635 873
635 1045
635 1288
635 1945
636 678
636 832
636 866
636 1546
637 656
637 814
637 859
638 780
638 816
638 935
638 1026
638 1836
639 661
639 952
639 1524
639 1548
640 660
640 776
640 871
640 1432
640 1489
640 1514
641 688
641 710
641 862
641 921
641 968
641 1085
641 1437
641 1813
642 657
642 1309
642 1686
642 1713
642 1810
643 1112
643 1140
643 1565
644 722
644 1220
645 664
645 1472
645 1544
645 1725
645 1959
646 1039
646 1320
646 1606
646 1939
647 1466
647 1475
647 1512
647 1801
648 679
648 1587
648 1947
649 1039
649 1056
649 1269
649 1670
650 1083
650 1681
651 1380
651 1629
651 1891
652 684
652 941
652 1309
652 1427
652 1466
652 1966
653 714
653 1188
653 1204
653 1251
653 1417
653 1885
653 1963
654 793
654 944
654 1501
654 1588
655 1236
655 1258
655 1343
655 1592
656 880
656 895
656 1249
656 1736
656 1830
656 1962
657 717
657 737
657 799
657 1202
657 1489
658 1026
659 1236
659 1781
660 746
660 1114
660 1127
660 1418
661 1170
661 1526
661 1533
661 1694
662 692
662 916
662 1069
662 1900
663 769
663 984
664 795
664 915
664 927
664 1066
664 1101
664 1379
664 1487
664 1798
665 681
665 1104
667 1047
667 1423
667 1462
667 1519
668 1219
668 1411
668 1513
669 1258
669 1333
669 1454
669 1759
670 1299
670 1341
670 1699
670 1812
671 723
671 759
671 1204
671 1246
671 1425
671 1500
671 1556
671 1963
672 1686
672 1843
673 828
673 914
673 1771
675 692
675 775
675 1465
676 1193
676 1209
676 1521
677 829
677 1504
678 1236
678 1317
678 1778
679 787
679 872
679 1179
679 1442
679 1446
679 1523
679 1743
679 1751
680 716
680 940
680 1029
680 1154
680 1227
680 1425
680 1605
680 1614
680 1765
680 1800
681 811
681 1351
681 1403
681 1906
682 1178
682 1430
682 1569
683 828
683 1197
683 1367
683 1462
683 1882
684 919
684 1018
684 1221
684 1305
684 1772
684 1968
685 1356
686 1075
687 1516
687 1747
688 950
688 1367
688 1540
688 1782
688 1915
689 719
689 1051
689 1247
689 1897
689 1949
690 1205
691 878
691 988
691 1066
692 1875
693 886
694 1062
694 1161
695 987
695 1588
695 1649
695 1660
696 1008
696 1351
697 1481
697 1752
697 1802
698 1665
698 1911
699 731
699 1374
699 1572
699 1753
699 1804
700 1475
700 1869
701 750
701 1046
702 1131
702 1291
702 1909
703 1212
703 1482
703 1853
703 1914
703 1924
704 1196
705 1284
705 1398
706 1328
706 1601
707 1143
707 1226
707 1364
707 1546
708 1396
708 1612
708 1640
708 1920
709 1185
709 1725
710 824
710 1126
711 1044
711 1383
712 940
712 1150
712 1241
712 1271
713 1412
713 1563
713 1832
714 1830
714 1919
715 768
716 797
716 1801
717 1341
718 896
718 967
718 1268
719 955
719 1234
719 1348
719 1928
720 1051
720 1337
720 1545
720 1546
721 795
721 990
722 1868
723 784
723 1813
723 1920
724 970
724 1906
725 1757
725 1825
726 802
726 1177
726 1244
726 1494
727 961
727 1034
727 1828
727 1832
727 1864
728 738
728 987
728 1332
728 1357
729 1225
729 1411
730 1620
730 1835
730 1904
731 934
732 1346
732 1939
733 1343
733 1729
733 1846
734 988
734 1854
735 1589
735 1950
736 1263
737 1448
737 1514
737 1736
737 1950
738 1110
738 1216
739 1119
739 1166
739 1912
740 827
740 872
740 974
740 1687
741 856
741 1078
741 1413
741 1616
741 1772
741 1785
742 1666
742 1810
744 934
744 1409
744 1535
744 1677
744 1943
745 1271
746 860
746 1013
746 1049
746 1076
746 1460
746 1738
747 792
747 1250
747 1316
747 1529
748 893
748 1097
748 1124
748 1615
748 1958
749 953
749 1273
749 1563
750 1798
750 1886
751 761
751 840
751 852
751 1923
753 1037
753 1173
753 1889
754 1289
754 1697
755 777
755 1474
756 1208
756 1555
757 1092
757 1398
758 1220
758 1546
758 1745
759 970
759 1089
759 1916
760 1248
760 1310
760 1374
761 1246
761 1956
762 1117
762 1295
762 1852
762 1956
763 865
763 974
763 1074
763 1220
763 1510
763 1742
764 1021
765 1476
765 1796
766 957
766 1473
766 1859
766 1860
767 1143
767 1155
768 1266
768 1406
768 1568
768 1892
769 1856
770 825
770 959
770 1288
770 1352
771 1548
771 1647
772 798
772 1131
772 1399
772 1816
773 1407
773 1495
773 1672
773 1755
773 1923
774 1171
774 1576
775 814
775 1401
775 1458
775 1849
776 849
776 1043
776 1261
776 1271
776 1451
776 1932
777 972
777 978
777 1691
777 1919
778 1163
778 1874
779 834
779 1396
779 1626
779 1872
779 1962
780 1359
780 1565
781 1062
781 1127
781 1749
783 942
783 1258
783 1685
784 987
784 1317
785 1117
785 1615
786 1191
787 1163
787 1339
787 1686
788 795
788 1044
788 1207
788 1280
788 1414
788 1486
789 854
789 1140
789 1685
789 1938
789 1950
790 858
790 1009
790 1405
790 1416
790 1505
790 1824
791 1329
791 1625
792 946
792 1200
792 1530
792 1700
793 1401
793 1427
794 871
794 1426
794 1714
795 822
796 824
796 1043
796 1388
796 1671
797 1200
798 1033
798 1110
798 1667
798 1754
799 1243
800 868
800 890
800 1054
800 1215
801 1482
801 1693
801 1879
802 907
802 1544
803 1376
803 1447
804 1606
805 1319
805 1513
806 963
807 1037
807 1199
807 1435
807 1558
807 1566
807 1755
807 1797
808 1397
808 1460
809 1094
809 1735
810 927
810 1212
810 1315
810 1910
811 818
811 918
811 1104
811 1779
812 988
812 1132
813 1523
813 1886
814 1669
814 1679
814 1796
815 827
815 1509
815 1528
815 1669
815 1932
817 1463
817 1536
817 1589
818 1057
818 1344
818 1715
819 875
819 1464
819 1490
819 1518
820 950
820 1601
820 1788
820 1941
821 1302
821 1827
822 931
822 1005
822 1153
822 1360
822 1803
823 1120
823 1558
823 1746
823 1946
825 1338
825 1750
825 1894
825 1951
826 1744
827 1562
828 1120
828 1251
828 1374
828 1737
828 1774
829 1381
829 1420
829 1773
830 1115
831 1074
831 1083
831 1412
831 1766
832 993
832 1245
833 1106
833 1136
833 1602
833 1763
834 1128
834 1379
835 1382
835 1450
835 1874
835 1877
836 892
836 905
836 1302
836 1825
836 1885
837 1969
838 951
838 992
838 1612
838 1625
839 939
840 1838
841 935
841 1468
841 1584
842 888
842 960
842 1312
842 1320
842 1547
843 984
843 1696
844 899
844 1060
845 898
845 1016
845 1115
846 1664
847 907
847 1537
848 1413
849 1208
849 1550
849 1611
850 962
850 1369
850 1655
851 1714
851 1945
852 1117
852 1546
852 1889
853 854
853 906
853 971
853 1318
853 1553
854 1309
855 963
855 1278
855 1712
856 1115
856 1257
857 949
857 983
857 1365
857 1442
858 871
858 983
858 1083
858 1859
858 1881
859 1197
859 1645
860 1129
860 1366
860 1509
861 1140
862 1218
863 1673
863 1712
864 902
864 1020
864 1481
864 1756
865 1154
865 1493
865 1945
866 1757
867 1394
867 1411
867 1601
867 1891
868 991
868 1048
868 1351
869 901
869 1582
869 1751
869 1943
870 1207
870 1298
871 1111
871 1194
871 1264
871 1319
872 908
872 984
873 1275
873 1417
874 914
874 1027
874 1315
875 1347
875 1371
875 1766
875 1914
876 1308
877 942
877 990
877 1329
877 1354
878 1841
879 1412
879 1777
880 1109
880 1118
880 1496
880 1773
881 928
881 1576
881 1858
882 908
882 1225
882 1811
883 965
883 1111
883 1319
883 1730
883 1931
884 1826
885 1147
886 1768
887 1488
887 1788
888 1019
888 1259
888 1586
889 1052
889 1509
889 1793
890 1292
891 1637
891 1817
891 1934
892 1015
892 1069
892 1120
892 1842
893 1385
893 1579
894 1508
894 1652
895 1564
895 1582
895 1627
896 1639
897 1299
897 1451
897 1783
898 1512
899 1415
900 1301
900 1326
900 1580
900 1616
900 1647
900 1680
901 1009
901 1050
901 1635
901 1787
902 1078
902 1139
902 1229
903 1151
903 1611
903 1858
904 1377
904 1554
905 1401
905 1529
905 1564
905 1812
906 989
906 1422
906 1634
906 1916
907 959
907 1247
907 1282
907 1444
907 1775
907 1827
908 1427
908 1428
909 1176
909 1310
909 1542
909 1712
909 1844
910 943
910 1084
911 1072
911 1090
911 1349
913 1142
913 1209
914 1133
914 1559
915 927
915 1012
915 1176
915 1658
916 973
916 1202
916 1473
916 1921
917 1099
917 1195
917 1314
918 1085
918 1170
918 1553
919 1225
919 1406
920 1474
921 1432
921 1816
921 1887
921 1954
922 948
922 1110
922 1561
922 1881
923 1256
923 1760
924 1544
924 1712
924 1804
925 1713
926 1020
926 1415
927 1375
929 1705
930 996
930 1382
930 1552
930 1790
930 1964
931 1308
931 1662
931 1662
932 1582
933 1740
934 1272
935 1190
936 1559
936 1882
937 1636
937 1890
938 1016
939 1188
939 1293
939 1358
940 1084
940 1126
940 1864
941 1267
941 1395
941 1847
942 1098
943 1086
943 1131
943 1164
943 1341
944 1002
944 1017
944 1295
945 1015
945 1220
945 1660
946 1810
947 1256
947 1334
947 1478
947 1698
948 1121
948 1239
948 1297
948 1659
948 1682
948 1809
948 1876
949 1238
950 1365
950 1666
950 1866
951 1246
951 1475
951 1617
952 1187
954 1241
954 1359
955 1548
955 1790
956 1165
956 1396
956 1557
956 1926
957 1108
958 1188
959 1067
959 1427
959 1858
960 1363
960 1484
960 1553
961 1353
962 986
962 1088
962 1393
963 1893
964 1181
964 1539
965 999
965 1759
965 1891
966 1069
966 1376
966 1492
967 1378
967 1419
967 1556
967 1798
968 1011
968 1122
968 1453
968 1608
969 1171
969 1244
970 1153
970 1282
970 1716
971 1212
971 1541
971 1837
971 1874
972 1251
972 1280
972 1701
973 987
973 1023
973 1112
973 1206
973 1404
974 1723
974 1826
975 1387
975 1773
976 1728
977 1380
978 1131
978 1238
979 1420
979 1831
980 1473
981 1073
981 1096
981 1249
981 1413
981 1617
982 1098
982 1225
982 1740
983 1127
983 1274
984 988
984 1098
984 1342
984 1534
984 1579
985 1013
985 1399
985 1619
985 1709
986 1289
986 1811
987 997
987 1125
987 1767
987 1949
990 1396
991 1741
991 1816
992 1708
992 1907
993 1287
993 1686
994 1135
994 1149
994 1347
995 1121
995 1282
995 1593
996 1097
996 1153
996 1494
996 1516
997 1427
998 1346
998 1763
999 1282
999 1313
999 1671
999 1849
1000 1068
1000 1099
1000 1908
1001 1109
1001 1254
1001 1293
1002 1013
1002 1041
1002 1058
1002 1428
1002 1817
1003 1161
1003 1572
1004 1055
1004 1102
1004 1344
1004 1381
1004 1671
1005 1065
1005 1315
1005 1549
1005 1708
1006 1072
1006 1800
1007 1821
1007 1911
1008 1145
1008 1909
1009 1158
1009 1271
1009 1274
1009 1523
1010 1275
1010 1295
1010 1314
1010 1337
1011 1066
1011 1628
1013 1112
1013 1336
1013 1905
1014 1592
1014 1805
1014 1946
1015 1055
1015 1136
1015 1258
1015 1306
1015 1345
1016 1439
1017 1082
1017 1111
1018 1192
1019 1104
1019 1324
1019 1349
1019 1894
1019 1969
1020 1213
1020 1694
1021 1026
1021 1237
1021 1515
1022 1326
1022 1343
1022 1523
1022 1566
1022 1823
1023 1143
1023 1315
1023 1324
1023 1473
1023 1888
1024 1108
1024 1787
1024 1827
1024 1840
1025 1178
1025 1489
1026 1442
1026 1612
1027 1499
1027 1717
1027 1899
1028 1555
1028 1597
1028 1709
1029 1199
1029 1377
1029 1809
1030 1426
1031 1252
1032 1431
1033 1884
1034 1594
1034 1648
1034 1752
1035 1281
1035 1385
1035 1396
1035 1450
1035 1942
1036 1182
1037 1325
1037 1860
1037 1885
1038 1613
1039 1721
1039 1763
1040 1454
1040 1463
1040 1526
1040 1675
1040 1680
1041 1267
1041 1282
1041 1364
1041 1684
1042 1123
1042 1459
1043 1158
1043 1536
1043 1676
1044 1482
1044 1485
1045 1145
1045 1282
1045 1889
1046 1324
1046 1358
1046 1422
1046 1490
1046 1827
1047 1177
1047 1633
1047 1659
1048 1370
1048 1419
1049 1120
1049 1360
1049 1951
1050 1499
1050 1593
1051 1458
1051 1581
1051 1898
1052 1368
1052 1446
1052 1610
1053 1664
1053 1755
1054 1126
1054 1414
1054 1532
1054 1927
1055 1188
1055 1409
1056 1410
1057 1231
1057 1298
1057 1764
1058 1490
1058 1683
1058 1803
1058 1886
1058 1916
1059 1161
1060 1083
1061 1332
1061 1675
1062 1181
1062 1399
1062 1726
1064 1109
1065 1338
1065 1594
1065 1920
1066 1666
1066 1906
1067 1249
1067 1787
1068 1111
1069 1694
1069 1701
1070 1114
1070 1514
1072 1139
1073 1498
1073 1925
1073 1940
1074 1265
1074 1282
1074 1649
1075 1080
1075 1636
1076 1369
1076 1472
1077 1598
1078 1782
1079 1279
1079 1635
1079 1953
1080 1196
1080 1835
1081 1387
1081 1511
1081 1581
1081 1770
1081 1801
1082 1124
1082 1784
1082 1825
1083 1282
1083 1966
1085 1488
1085 1597
1085 1721
1085 1780
1085 1854
1086 1554
1086 1705
1087 1092
1087 1187
1088 1434
1089 1235
1089 1259
1089 1860
1090 1137
1091 1365
1091 1407
1091 1945
1092 1242
1093 1291
1093 1485
1093 1766
1094 1859
1094 1969
1095 1258
1095 1830
1096 1393
1096 1446
1096 1953
1097 1570
1098 1310
1098 1686
1098 1964
1100 1211
1100 1865
1100 1913
1101 1350
1101 1508
1101 1659
1101 1688
1102 1210
1102 1262
1102 1389
1102 1454
1102 1739
1104 1754
1105 1947
1106 1416
1106 1497
1107 1575
1107 1625
1108 1215
1108 1697
1109 1358
1109 1635
1109 1926
1110 1553
1110 1569
1110 1913
1110 1930
1111 1510
1113 1321
1113 1521
1113 1723
1114 1586
1115 1142
1115 1902
1116 1459
1116 1501
1116 1582
1117 1376
1118 1501
1118 1586
1119 1510
1119 1640
1119 1698
1119 1770
1119 1808
1119 1815
1120 1244
1120 1572
1120 1759
1121 1213
1121 1837
1122 1235
1122 1948
1123 1339
1123 1430
1123 1562
1123 1898
1124 1284
1124 1884
1125 1165
1125 1331
1126 1848
1127 1152
1127 1763
1127 1769
1127 1955
1128 1476
1129 1138
1129 1183
1129 1719
1129 1829
1130 1521
1130 1728
1130 1819
1131 1587
1133 1557
1134 1456
1134 1750
1134 1881
1137 1791
1137 1957
1138 1206
1138 1715
1139 1354
1139 1692
1139 1938
1140 1962
1141 1554
1141 1613
1141 1883
1143 1182
1144 1427
1144 1449
1144 1898
1144 1928
1145 1407
1145 1747
1146 1255
1146 1525
1146 1703
1146 1883
1147 1293
1148 1428
1150 1838
1152 1216
1152 1558
1152 1689
1153 1665
1154 1597
1154 1718
1155 1320
1155 1474
1155 1496
1155 1918
1156 1257
1156 1472
1158 1195
1158 1829
1160 1327
1160 1350
1160 1427
1160 1619
1161 1520
1161 1634
1162 1844
1162 1889
1162 1966
1163 1717
1164 1352
1164 1681
1165 1414
1165 1615
1165 1883
1165 1970
1166 1300
1167 1260
1167 1306
1168 1548
1168 1658
1169 1482
1169 1571
1169 1601
1169 1928
1170 1221
1170 1619
1171 1621
1172 1292
1172 1502
1172 1880
1173 1632
1174 1503
1175 1609
1175 1754
1176 1452
1177 1553
1177 1565
1178 1670
1179 1618
1179 1874
1180 1665
1180 1811
1181 1194
1182 1240
1183 1530
1185 1610
1185 1770
1185 1950
1186 1344
1186 1740
1186 1903
1187 1205
1187 1408
1188 1399
1188 1827
1189 1258
1189 1389
1189 1403
1189 1684
1189 1782
1189 1809
1190 1844
1191 1210
1191 1236
1191 1237
1191 1441
1191 1806
1191 1867
1192 1276
1192 1373
1192 1823
1195 1893
1197 1666
1198 1520
1198 1926
1199 1292
1199 1530
1199 1774
1200 1539
1201 1254
1201 1440
1201 1834
1202 1248
1202 1257
1203 1234
1203 1643
1204 1317
1204 1930
1205 1655
1207 1633
1207 1964
1208 1358
1208 1490
1209 1560
1209 1760
1210 1839
1211 1514
1211 1829
1211 1952
1212 1363
1212 1641
1212 1733
1215 1500
1216 1877
1217 1680
1217 1897
1218 1505
1220 1279
1220 1458
1221 1415
1221 1418
1222 1423
1222 1465
1222 1863
1223 1650
1224 1408
1224 1564
1225 1317
1226 1240
1226 1441
1226 1492
1226 1952
1228 1848
1229 1500
1229 1805
1230 1591
1231 1626
1232 1282
1232 1337
1232 1608
1232 1651
1233 1251
1234 1419
1234 1458
1235 1723
1236 1516
1237 1366
1237 1513
1237 1657
1237 1870
1238 1716
1239 1631
1239 1963
1241 1481
1241 1885
1241 1913
1242 1293
1242 1420
1242 1752
1242 1933
1243 1278
1243 1480
1243 1750
1244 1255
1244 1639
1244 1648
1245 1831
1245 1923
1246 1726
1247 1297
1247 1442
1248 1331
1248 1454
1248 1719
1249 1260
1249 1406
1249 1565
1249 1880
1249 1929
1250 1266
1252 1519
1252 1522
1252 1922
1253 1288
1253 1460
1253 1746
1254 1813
1255 1557
1256 1268
1256 1626
1256 1898
1257 1484
1260 1390
1260 1850
1260 1883
1263 1584
1263 1829
1265 1710
1266 1416
1267 1518
1267 1706
1267 1828
1268 1287
1269 1321
1269 1589
1269 1798
1270 1562
1270 1920
1271 1688
1272 1844
1273 1658
1273 1669
1273 1708
1275 1683
1275 1813
1276 1697
1277 1379
1277 1770
1278 1389
1278 1940
1280 1518
1281 1556
1282 1609
1283 1934
1284 1374
1285 1441
1285 1863
1287 1946
1288 1539
1289 1724
1290 1705
1291 1506
1291 1664
1291 1833
1292 1572
1292 1969
1293 1462
1293 1933
1294 1608
1296 1379
1296 1506
1296 1798
1297 1650
1297 1748
1297 1968
1298 1416
1301 1902
1302 1677
1302 1917
1303 1337
1305 1316
1306 1706
1307 1321
1308 1363
1308 1427
1308 1561
1308 1625
1309 1432
1309 1804
1310 1565
1310 1764
1311 1401
1311 1884
1313 1349
1313 1542
1313 1783
1315 1761
1316 1788
1317 1390
1317 1401
1317 1521
1318 1370
1319 1350
1319 1515
1320 1694
1321 1637
1321 1689
1322 1373
1322 1577
1322 1838
1324 1593
1324 1640
1325 1502
1325 1653
1325 1810
1326 1340
1326 1507
1327 1459
1327 1644
1328 1821
1328 1843
1328 1868
1329 1437
1329 1677
1330 1502
1331 1487
1332 1827
1333 1663
1334 1606
1334 1647
1334 1807
1334 1890
1335 1502
1335 1800
1337 1675
1337 1744
1338 1553
1339 1805
1340 1618
1340 1739
1341 1586
1343 1825
1343 1899
1345 1707
1345 1722
1345 1861
1346 1692
1347 1674
1347 1904
1348 1839
1349 1587
1349 1917
1350 1529
1350 1843
1351 1535
1352 1701
1352 1884
1353 1451
1353 1500
1357 1660
1357 1920
1358 1393
1359 1672
1360 1908
1361 1551
1361 1608
1361 1696
1361 1723
1362 1813
1363 1442
1364 1406
1364 1601
1364 1900
1368 1384
1368 1440
1368 1537
1368 1596
1368 1628
1369 1727
1369 1739
1369 1846
1370 1829
1371 1548
1372 1541
1374 1507
1374 1599
1375 1679
1375 1816
1375 1854
1375 1934
1378 1740
1379 1394
1381 1436
1381 1848
1382 1755
1384 1457
1384 1547
1384 1625
1386 1553
1386 1566
1388 1467
1388 1842
1389 1554
1389 1787
1389 1849
1390 1549
1391 1786
1391 1949
1392 1697
1393 1537
1393 1834
1395 1517
1395 1522
1395 1847
1396 1526
1396 1943
1397 1442
1397 1570
1397 1616
1397 1696
1400 1601
1402 1564
1405 1464
1406 1803
1407 1545
1407 1642
1407 1878
1411 1717
1413 1444
1415 1618
1415 1690
1416 1533
1416 1561
1417 1854
1418 1642
1418 1888
1419 1712
1421 1793
1422 1441
1423 1804
1424 1439
1424 1477
1424 1711
1424 1727
1425 1843
1426 1824
1427 1524
1427 1911
1431 1651
1433 1591
1433 1709
1434 1474
1435 1486
1435 1831
1436 1819
1440 1446
1442 1542
1442 1652
1442 1729
1442 1860
1442 1865
1443 1617
1443 1620
1444 1461
1445 1813
1446 1790
1446 1822
1446 1922
1447 1569
1449 1546
1449 1649
1450 1694
1451 1530
1451 1870
1451 1877
1452 1528
1452 1822
1454 1718
1455 1578
1455 1807
1456 1510
1456 1616
1456 1805
1457 1475
1459 1533
1460 1842
1461 1560
1461 1898
1462 1466
1462 1623
1462 1806
1462 1918
1463 1896
1465 1960
1466 1490
1466 1943
1466 1949
1467 1757
1468 1571
1468 1668
1468 1734
1469 1685
1470 1473
1470 1721
1470 1826
1471 1508
1472 1494
1472 1964
1473 1623
1475 1629
1475 1643
1477 1637
1477 1770
1478 1625
1478 1817
1479 1640
1482 1837
1483 1755
1484 1529
1484 1829
1484 1886
1485 1659
1488 1619
1489 1528
1491 1575
1492 1681
1492 1888
1493 1560
1494 1570
1494 1657
1494 1948
1495 1773
1496 1881
1497 1609
1497 1794
1497 1868
1498 1589
1498 1626
1501 1551
1501 1691
1501 1744
1502 1779
1502 1930
1503 1906
1504 1636
1505 1855
1506 1720
1506 1960
1507 1567
1507 1576
1511 1700
1512 1527
1513 1888
1514 1891
1514 1913
1515 1585
1516 1889
1516 1896
1517 1875
1518 1823
1519 1606
1520 1837
1522 1542
1522 1823
1523 1751
1524 1901
1525 1594
1527 1838
1531 1785
1533 1540
1533 1807
1534 1545
1534 1694
1534 1855
1535 1841
1536 1947
1538 1736
1538 1961
1540 1651
1540 1747
1542 1633
1546 1890
1547 1647
1548 1696
1548 1758
1549 1612
1550 1639
1550 1723
1550 1932
1551 1833
1551 1855
1552 1590
1554 1798
1555 1721
1558 1970
1559 1737
1559 1910
1560 1772
1560 1844
1560 1900
1562 1865
1564 1910
1565 1903
1569 1593
1570 1614
1570 1772
1571 1837
1571 1905
1573 1825
1574 1603
1575 1801
1576 1578
1577 1738
1579 1642
1579 1643
1579 1658
1580 1769
1580 1788
1581 1597
1584 1831
1585 1664
1586 1708
1588 1871
1590 1751
1590 1818
1594 1724
1595 1710
1601 1691
1604 1659
1604 1883
1605 1696
1606 1823
1607 1628
1608 1714
1608 1899
1610 1657
1610 1709
1610 1748
1611 1681
1612 1927
1613 1923
1614 1727
1614 1862
1614 1953
1615 1706
1615 1868
1617 1640
1617 1762
1617 1918
1618 1631
1618 1753
1618 1930
1620 1716
1621 1724
1623 1820
1626 1842
1627 1749
1627 1865
1628 1831
1629 1727
1629 1905
1629 1958
1630 1868
1635 1914
1638 1806
1640 1674
1640 1876
1640 1938
1640 1939
1642 1749
1642 1817
1644 1780
1645 1683
1645 1776
1647 1810
1647 1864
1648 1911
1649 1851
1649 1925
1650 1782
1653 1685
1654 1756
1654 1847
1655 1691
1655 1860
1657 1900
1658 1725
1659 1772
1659 1777
1661 1749
1661 1936
1665 1692
1665 1722
1667 1865
1668 1899
1669 1872
1670 1955
1673 1956
1674 1889
1674 1897
1675 1857
1680 1707
1680 1849
1686 1696
1686 1760
1687 1843
1688 1833
1691 1867
1693 1913
1694 1735
1694 1815
1694 1940
1695 1835
1696 1779
1701 1709
1701 1715
1701 1845
1701 1854
1702 1781
1702 1933
1702 1948
1703 1827
1704 1795
1705 1790
1705 1886
1706 1857
1707 1830
1707 1964
1710 1880
1711 1919
1713 1862
1717 1800
1719 1724
1721 1848
1722 1853
1722 1869
1729 1863
1729 1905
1730 1887
1731 1910
1732 1868
1733 1957
1736 1919
1737 1832
1738 1743
1741 1767
1748 1911
1749 1893
1751 1788
1753 1907
1754 1757
1755 1941
1756 1765
1759 1966
1760 1800
1767 1860
1771 1825
1773 1821
1783 1820
1783 1838
1783 1884
1784 1790
1789 1888
1789 1911
1791 1841
1792 1945
1792 1954
1794 1844
1795 1835
1796 1924
1797 1840
1797 1869
1801 1880
1804 1860
1805 1860
1807 1860
1809 1936
1811 1820
1812 1838
1812 1929
1814 1922
1815 1874
1818 1930
1821 1866
1822 1851
1824 1870
1825 1917
1831 1967
1835 1957
1836 1895
1836 1928
1843 1916
1844 1862
1845 1909
1845 1910
1847 1853
1852 1942
1862 1868
1862 1956
1866 1950
1874 1963
1876 1966
1878 1893
1880 1905
1884 1912
1885 1951
1900 1934
1903 1925
1904 1941
1906 1944
1906 1964
1928 1944
1929 1940
1935 1955
1938 1942
1942 1970
1948 1967
