14
8 12 2 14 6 9 15 2 7 11 7 14 6 5 
10
1 10 4 10 8 10 5 11 4 3 
19
6 2 11 7 2 22 7 22 14 1 20 10 20 2 17 20 20 14 7 
20
14 20 17 22 3 12 14 7 14 19 18 22 17 9 16 14 9 18 17 17 
10
4 12 7 2 2 3 1 6 5 2 
19
13 8 4 11 22 2 14 17 3 18 13 8 6 20 4 22 14 3 18 
20
3 6 12 14 24 1 9 13 9 20 2 1 18 4 18 9 16 17 24 15 
20
10 24 2 24 1 10 22 9 16 9 13 19 3 7 16 19 8 23 22 24 
16
13 17 8 18 19 12 10 5 13 18 4 5 17 17 16 6 
15
16 7 3 6 13 2 8 1 1 9 9 15 6 13 5 
20
13 13 17 18 13 24 23 22 3 3 13 6 20 9 10 8 2 23 10 10 
20
3 8 10 20 6 19 15 10 12 14 8 15 9 5 12 3 21 21 9 19 
18
17 6 17 3 3 13 9 3 1 20 20 6 18 1 6 5 13 12 
14
16 15 12 13 14 12 3 7 2 15 16 2 15 14 
19
22 3 16 8 3 11 22 21 12 6 6 13 22 10 7 11 6 4 17 
17
13 12 3 1 5 20 13 13 19 10 11 20 15 4 15 14 14 
18
13 3 6 10 4 2 14 21 2 7 4 17 20 16 9 14 12 11 
14
6 16 6 4 9 12 11 7 11 8 8 3 14 8 
18
19 18 17 16 15 14 13 12 11 10 9 8 7 6 5 4 3 2 
13
1 2 3 4 5 6 7 8 9 10 11 12 13 
0
