99
7 68 45 65 93 12 93 102 101 110 40 83 53 60 110 35 103 50 7 14 91 108 115 59 115 39 115 42 95 99 65 114 71 90 49 61 59 87 94 67 96 68 37 20 33 2 60 26 56 41 105 96 68 32 115 51 2 100 17 69 68 31 68 61 94 44 72 92 43 81 75 1 52 66 66 43 9 115 5 79 26 36 40 99 115 115 77 104 30 63 84 103 18 37 73 54 1 26 105 
93
68 52 21 82 83 81 33 82 3 44 31 43 36 49 102 69 69 39 20 91 66 106 54 32 84 109 34 88 14 79 96 21 69 81 58 63 11 102 106 110 99 21 26 106 60 53 42 48 111 77 8 7 100 101 32 43 66 68 94 34 42 54 97 96 9 91 67 23 48 54 65 13 4 62 14 105 58 42 67 23 55 31 56 45 70 98 51 75 32 42 82 100 109 
96
66 92 66 110 78 57 88 103 76 61 111 61 11 62 93 42 94 41 31 54 46 82 75 88 49 41 98 71 64 15 114 85 47 20 44 89 111 24 78 28 111 65 33 94 78 21 31 61 83 21 8 38 24 25 33 26 2 91 18 98 14 39 55 92 5 84 18 64 3 81 88 102 31 39 21 18 43 65 95 114 18 45 49 60 113 45 78 112 84 27 42 101 76 34 27 20 
100
105 30 16 70 46 5 71 2 61 83 70 38 91 95 45 56 42 98 72 1 114 4 47 7 9 25 101 71 115 12 36 71 93 91 47 116 62 43 1 87 95 77 92 117 21 1 11 15 5 10 108 119 63 99 56 45 62 104 86 1 103 15 63 33 63 48 35 85 50 4 59 49 58 18 32 51 45 56 21 62 66 31 96 94 53 79 95 108 81 14 40 116 93 51 41 86 26 23 114 26 
96
108 115 9 43 40 102 46 36 88 23 48 91 64 33 85 69 46 18 57 113 68 64 18 6 92 92 47 17 106 109 109 6 102 60 28 19 40 39 99 13 50 106 39 90 16 115 85 3 25 23 43 79 108 72 43 89 115 53 67 105 20 31 115 93 98 15 38 55 10 105 97 8 60 54 55 70 62 64 78 98 2 36 44 97 23 3 62 105 21 112 22 77 94 20 73 40 
96
107 31 75 48 27 47 22 31 29 112 29 80 115 33 94 93 54 108 49 99 53 60 10 57 5 31 56 12 52 7 66 70 83 5 23 60 33 15 109 89 44 99 91 6 84 4 107 59 19 69 17 81 5 85 53 102 2 109 24 46 109 91 103 15 104 72 36 87 4 22 2 99 54 36 18 23 22 87 85 95 87 94 105 82 87 12 61 9 115 36 82 60 78 8 111 32 
94
77 43 85 40 12 85 109 92 56 6 58 55 4 22 65 58 54 16 21 90 47 33 108 52 93 95 70 29 1 28 27 25 93 11 85 29 80 98 14 6 5 32 74 27 8 1 104 16 27 63 21 77 89 28 34 31 73 78 8 109 36 74 73 13 58 36 56 40 66 5 43 27 33 14 63 96 109 28 14 60 98 44 29 74 36 97 73 88 55 20 99 81 60 76 
95
7 80 6 22 75 97 4 78 59 13 5 74 111 19 73 77 11 25 25 96 47 78 3 63 1 19 72 73 82 85 11 96 91 27 51 94 78 11 13 80 98 52 36 60 75 69 93 14 106 79 31 1 64 1 10 78 83 55 84 106 34 104 20 49 43 100 96 69 11 108 45 90 81 2 32 59 28 91 4 62 105 70 94 15 5 58 105 34 11 21 107 53 74 5 104 
90
54 31 12 106 84 83 103 43 18 71 76 102 63 97 53 15 19 72 107 10 47 97 100 57 5 75 18 47 28 75 55 70 76 4 29 41 25 66 19 98 38 53 8 30 100 77 83 72 72 83 52 86 38 50 47 21 14 95 50 37 16 38 72 101 94 2 99 72 13 99 105 73 5 1 91 19 69 8 45 95 39 2 46 98 71 89 27 57 26 30 
91
91 42 75 18 76 75 66 93 100 67 99 18 10 59 58 82 46 85 7 87 72 92 35 17 98 64 88 10 101 47 102 25 9 17 68 88 105 80 72 89 17 75 20 103 1 52 62 95 92 94 9 70 79 14 3 97 50 4 21 45 65 8 65 34 85 57 65 90 49 18 98 84 108 9 64 64 4 101 101 57 50 70 65 48 103 61 53 77 108 56 45 
99
84 114 33 43 40 89 22 74 31 16 92 113 14 48 67 87 26 9 39 3 44 64 2 105 40 9 42 87 86 53 1 78 19 18 15 71 4 115 7 2 98 8 54 67 56 92 29 46 13 28 100 34 30 99 92 82 73 104 57 77 42 117 41 62 93 3 20 59 16 25 17 66 39 116 83 109 53 40 3 64 35 72 73 84 21 111 88 90 46 47 30 51 112 110 116 8 3 61 30 
97
72 22 26 19 73 20 71 72 23 69 54 50 79 115 31 96 40 22 86 90 92 41 85 106 53 102 13 108 107 31 64 37 44 58 23 37 14 39 75 59 104 69 37 61 48 114 42 12 43 48 112 105 22 100 71 13 3 36 19 18 30 75 74 30 18 43 108 63 38 72 72 84 61 115 106 75 34 57 84 79 24 65 42 20 74 28 85 17 12 76 45 38 57 114 22 14 48 
92
8 50 93 95 107 100 99 81 41 109 8 29 97 54 64 35 19 88 34 95 99 39 81 88 74 96 103 43 1 19 24 76 49 35 17 6 8 99 59 71 72 36 13 54 40 22 20 69 25 61 59 21 19 38 15 12 45 11 56 101 25 30 99 95 69 29 12 63 31 67 50 105 106 107 82 68 58 66 59 35 68 64 108 50 92 99 73 60 31 110 96 57 
95
13 100 14 49 69 28 76 98 21 26 67 96 11 19 96 35 82 63 42 5 60 100 12 8 94 74 38 57 46 14 101 19 63 48 55 41 32 55 36 49 72 47 3 44 63 64 60 3 33 89 68 57 98 89 29 99 108 56 108 53 3 83 62 5 91 73 18 32 70 79 96 41 44 38 81 50 30 10 95 114 61 2 8 66 93 3 56 97 46 25 16 45 80 56 109 
90
72 23 61 28 82 91 88 24 43 104 78 84 69 16 91 23 9 8 10 80 104 72 45 3 51 40 81 88 80 7 76 54 1 35 86 35 72 102 5 76 20 44 52 63 23 100 43 39 5 19 52 17 28 30 17 24 36 56 21 82 72 5 52 53 34 4 7 22 44 99 79 69 79 50 64 85 100 1 5 103 8 100 99 1 16 3 95 103 70 23 
93
60 38 71 38 31 30 20 86 98 42 18 31 88 94 29 8 91 11 34 69 85 103 24 28 111 3 52 54 61 17 29 104 103 53 64 11 94 4 24 20 96 11 72 9 103 37 94 66 59 33 57 107 99 11 6 62 95 67 105 83 82 60 53 57 88 57 41 40 111 6 23 26 57 66 90 90 20 29 4 54 71 61 67 100 95 94 20 29 22 109 39 101 75 
96
4 30 91 110 25 11 95 106 70 88 26 38 100 107 108 75 51 42 108 110 93 63 107 7 43 20 21 64 76 98 2 34 85 28 50 72 7 73 72 107 48 89 29 39 71 73 83 75 48 115 23 112 38 50 91 75 114 21 8 51 22 93 102 58 70 57 110 68 103 102 114 110 32 30 99 114 33 91 61 103 80 10 94 85 81 104 84 59 112 31 108 45 71 112 64 38 
100
53 38 98 16 50 110 53 109 25 39 26 49 38 12 37 78 97 53 44 22 28 35 95 62 15 107 16 27 31 32 51 84 50 10 119 48 54 19 77 1 2 12 34 73 21 107 88 83 62 72 1 38 99 96 6 117 78 50 45 91 61 112 57 69 1 88 31 48 105 19 94 70 120 110 62 50 108 111 61 28 65 106 5 89 45 5 42 10 93 32 10 73 80 41 22 39 90 119 81 81 
92
110 40 58 76 109 51 98 25 88 99 83 94 105 5 77 48 64 104 36 88 106 30 89 80 102 46 33 109 95 67 30 78 70 40 57 40 66 88 33 69 107 23 93 79 99 104 45 53 94 45 63 3 32 95 91 103 69 42 49 94 28 84 37 30 8 17 54 87 91 10 49 57 92 76 19 28 60 21 9 72 103 37 32 49 74 48 62 74 26 29 36 29 
99
24 69 110 43 14 92 29 29 67 104 23 73 91 55 57 100 55 90 8 103 106 11 52 70 94 107 55 85 93 72 27 56 64 21 81 57 92 48 55 100 68 95 66 83 65 82 1 25 98 55 96 69 28 113 13 75 80 90 57 24 56 64 118 52 83 97 115 62 68 59 30 80 97 107 100 36 49 74 112 54 37 31 92 10 60 73 103 70 57 2 21 27 23 99 83 85 24 43 54 
98
15 109 77 8 109 116 66 31 70 93 49 85 115 111 15 54 50 52 40 48 14 60 97 46 19 69 2 111 81 104 64 116 26 66 95 87 40 81 27 26 59 23 114 92 89 36 13 2 8 62 64 109 32 21 47 68 1 14 13 114 80 55 44 43 114 24 7 49 108 93 69 29 6 12 47 114 76 48 34 64 44 82 94 65 50 60 105 2 8 62 48 10 92 82 73 34 60 45 
93
57 25 111 43 26 59 94 103 9 40 68 104 14 98 42 110 34 9 73 89 108 36 31 87 102 65 42 73 105 5 41 53 30 60 37 53 107 40 34 101 16 34 13 60 74 5 27 48 87 54 55 26 82 82 13 108 76 84 12 94 74 44 41 80 41 1 47 31 15 78 81 86 72 1 71 12 57 109 67 68 40 33 8 105 76 81 96 106 27 53 86 86 34 
98
64 75 31 64 30 9 75 104 1 29 24 32 63 48 91 35 45 96 85 40 78 28 94 46 90 82 61 117 62 84 78 78 14 54 103 107 40 73 31 114 37 54 10 13 78 101 115 19 65 21 54 63 25 115 73 71 79 15 57 88 84 67 54 34 79 66 75 87 58 85 49 21 82 102 114 77 106 66 31 30 103 16 77 46 48 92 40 92 22 35 74 58 22 111 20 70 8 27 
96
14 20 91 9 78 12 111 83 99 108 106 44 72 9 69 34 25 69 8 98 61 110 78 35 100 72 74 38 74 67 26 76 115 2 110 21 114 101 24 90 11 113 22 65 96 85 61 3 106 22 102 59 80 39 67 27 36 80 4 39 68 15 105 2 89 57 83 104 96 37 8 30 30 57 32 34 30 38 33 74 9 61 55 48 24 8 83 83 101 69 3 107 38 18 25 18 
96
94 69 109 43 46 18 45 55 38 2 45 73 93 2 35 68 34 25 93 88 78 94 84 66 109 71 115 52 104 95 49 97 5 93 18 80 19 18 19 30 9 97 89 67 59 102 78 88 104 6 105 89 108 80 112 53 38 76 38 64 90 58 97 82 3 21 24 75 10 9 111 77 11 107 37 72 27 23 105 34 62 76 4 69 102 43 82 41 113 74 107 12 71 11 91 67 
91
6 30 101 4 102 28 102 78 13 32 45 85 5 42 16 92 42 101 86 19 36 64 81 47 91 67 74 89 12 94 70 71 47 98 28 49 99 91 102 17 37 58 27 104 100 58 107 109 108 49 15 16 93 66 63 57 21 34 52 3 14 95 34 30 74 68 22 37 33 65 54 60 73 47 38 68 7 85 48 22 10 53 5 19 40 80 93 15 16 75 31 
93
109 15 102 12 57 82 83 93 16 107 19 79 98 100 79 108 64 96 80 63 8 80 108 49 7 6 4 28 83 68 105 99 6 40 37 63 2 105 51 78 28 52 79 25 88 105 70 25 106 9 86 19 75 38 71 101 49 59 72 81 12 89 29 17 36 90 55 64 67 23 25 42 79 16 21 107 67 11 80 37 88 87 91 60 50 11 22 38 20 75 65 24 45 
92
19 45 95 79 76 100 98 52 15 71 27 41 64 36 46 102 44 27 63 17 78 76 57 83 65 54 35 88 52 88 99 109 3 26 20 89 5 40 33 31 61 37 12 3 70 70 57 92 67 94 15 60 90 25 71 14 52 97 34 94 48 80 41 59 8 88 32 25 94 100 34 35 5 27 31 75 64 17 14 55 9 68 64 18 51 40 40 8 82 70 9 98 
90
91 90 89 88 87 86 85 84 83 82 81 80 79 78 77 76 75 74 73 72 71 70 69 68 67 66 65 64 63 62 61 60 59 58 57 56 55 54 53 52 51 50 49 48 47 46 45 44 43 42 41 40 39 38 37 36 35 34 33 32 31 30 29 28 27 26 25 24 23 22 21 20 19 18 17 16 15 14 13 12 11 10 9 8 7 6 5 4 3 2 
94
1 2 3 4 5 6 7 8 9 10 11 12 13 14 15 16 17 18 19 20 21 22 23 24 25 26 27 28 29 30 31 32 33 34 35 36 37 38 39 40 41 42 43 44 45 46 47 48 49 50 51 52 53 54 55 56 57 58 59 60 61 62 63 64 65 66 67 68 69 70 71 72 73 74 75 76 77 78 79 80 81 82 83 84 85 86 87 88 89 90 91 92 93 94 
0
