96
53 51 28 38 11 92 85 61 112 2 89 11 58 80 69 16 14 26 31 93 30 2 83 54 12 61 66 98 102 98 75 28 103 30 9 28 51 43 28 59 43 58 91 89 8 76 11 105 109 35 10 61 71 68 28 71 23 98 31 45 60 110 41 5 95 83 102 84 43 58 7 79 27 75 16 94 33 42 46 52 19 80 46 17 62 41 9 73 12 45 57 22 43 63 61 21 
98
47 88 42 107 99 94 60 90 9 16 82 29 105 107 34 116 7 113 20 35 27 18 63 83 69 7 1 88 44 3 50 69 34 7 2 19 45 49 23 23 108 16 27 110 24 12 71 39 8 98 19 31 115 27 48 17 117 37 88 39 110 48 98 26 116 66 3 56 5 33 98 63 84 83 60 7 98 97 7 94 19 81 87 106 101 58 87 34 3 14 87 4 106 97 74 18 13 3 
97
46 32 86 50 36 19 71 40 64 90 2 70 109 116 107 2 74 43 42 108 35 45 51 93 4 34 21 40 91 114 78 39 36 77 51 97 115 40 22 102 90 51 109 36 12 55 17 83 13 70 43 87 23 17 78 28 4 14 17 43 25 5 42 95 114 27 67 90 3 93 55 69 50 23 53 89 50 21 1 64 32 10 87 76 96 90 44 94 22 19 94 73 105 40 95 39 20 
95
5 40 61 96 62 75 17 47 23 56 41 55 84 9 39 70 54 109 52 7 106 75 24 98 41 104 65 47 40 51 40 106 52 71 107 11 89 26 34 6 65 98 71 84 50 13 56 16 20 26 48 73 51 33 62 89 30 80 73 97 62 96 91 58 86 46 79 107 70 16 90 85 92 26 1 9 76 44 88 28 5 16 84 106 17 78 48 43 24 17 26 81 53 96 93 
93
95 48 104 88 81 93 104 94 73 103 104 19 58 28 55 88 3 10 65 97 98 26 33 36 109 104 28 9 65 31 80 36 62 94 8 100 17 21 93 108 12 38 54 49 81 62 16 50 101 80 25 48 62 4 71 60 87 55 47 101 55 106 39 95 16 63 25 20 109 96 88 88 45 30 51 103 7 12 83 104 23 84 10 4 18 109 30 95 54 27 32 25 1 
94
96 87 51 75 95 28 40 43 63 44 87 2 44 37 36 6 112 66 92 93 46 31 29 29 112 76 56 85 111 33 38 26 52 49 57 100 29 82 4 107 18 28 78 43 72 111 66 48 53 26 42 46 69 9 14 79 61 111 8 51 94 21 90 3 61 33 2 39 96 26 28 105 91 58 104 73 91 102 94 17 19 11 63 44 38 25 94 83 20 20 95 41 24 40 
100
72 97 101 93 10 32 19 103 85 41 64 79 25 38 88 79 3 40 44 90 103 55 70 102 25 76 59 55 45 37 10 70 25 89 117 82 47 36 54 101 111 93 36 26 20 95 45 61 109 29 29 12 79 1 104 28 113 86 93 96 73 52 37 14 117 45 10 57 61 38 58 110 55 63 94 97 90 79 94 48 103 106 32 68 52 68 104 59 68 98 114 40 36 39 86 55 118 4 12 59 
94
60 40 107 29 71 23 93 59 13 99 65 25 38 34 82 103 31 94 72 24 96 65 97 102 92 48 97 19 24 74 88 83 31 16 3 89 21 38 69 112 91 43 71 91 82 6 14 94 20 97 77 78 63 43 26 102 3 9 21 61 95 28 70 4 71 73 86 68 40 4 2 23 31 14 75 53 87 98 97 35 97 26 49 103 9 87 12 94 6 49 58 66 82 11 
96
93 48 100 101 2 53 103 66 113 51 55 108 70 54 4 87 57 97 40 2 73 59 13 108 64 10 66 48 29 91 48 52 28 4 100 10 112 96 78 1 54 47 107 1 100 36 82 95 8 64 17 105 21 73 84 57 53 8 71 107 110 14 14 62 80 13 108 55 83 62 16 79 44 105 54 11 47 77 109 42 7 48 47 80 31 13 71 31 25 32 40 67 31 16 26 53 
96
61 45 104 2 79 9 98 18 109 22 26 38 39 48 55 44 97 18 91 76 92 59 61 72 78 106 51 99 114 83 81 52 31 88 63 80 101 6 69 86 74 114 80 112 81 22 11 75 37 15 106 37 115 48 19 14 40 27 4 73 36 107 60 108 35 22 81 94 37 91 80 115 10 99 4 90 86 101 97 11 37 10 30 51 85 108 103 78 61 6 16 70 40 59 3 88 
93
52 47 44 48 21 36 83 99 71 56 98 109 46 24 53 108 87 18 13 103 13 36 73 39 91 101 111 72 80 57 79 37 60 2 79 64 3 2 20 60 31 46 95 91 44 21 54 62 53 60 101 91 34 19 66 39 70 30 11 52 87 14 86 14 3 15 46 17 87 92 7 4 75 69 86 19 83 80 93 106 30 8 84 57 50 17 31 65 77 61 45 74 14 
97
100 10 61 38 48 55 54 86 70 8 35 110 110 30 84 67 17 38 20 35 12 90 4 84 86 60 74 70 64 59 3 51 24 58 95 62 13 114 24 10 67 100 26 48 84 24 54 99 53 116 42 108 95 52 84 53 56 105 13 105 110 92 72 113 22 44 55 69 49 76 29 26 7 42 12 23 47 110 1 77 79 35 78 20 80 75 107 46 25 74 52 42 60 69 74 30 33 
98
92 114 33 115 73 62 50 80 50 86 3 35 26 53 64 3 79 73 26 98 73 102 25 62 30 64 41 99 6 13 1 6 15 60 30 62 46 12 82 32 80 31 108 66 100 24 9 19 20 48 73 95 22 89 6 106 61 103 92 95 27 67 67 24 104 2 117 46 103 116 89 3 89 54 7 26 20 32 37 9 34 107 76 71 5 43 33 67 28 90 75 79 92 64 49 78 57 50 
90
27 34 74 50 70 70 33 79 20 93 82 26 3 92 12 53 58 81 23 106 52 105 47 4 98 3 87 102 16 21 35 11 33 35 4 6 2 10 31 74 81 79 60 16 62 51 100 8 66 101 78 70 82 50 78 31 18 84 27 6 75 90 70 94 57 63 86 52 29 14 90 102 26 1 77 68 78 40 28 98 32 63 25 33 75 14 91 17 82 50 
96
40 95 7 75 95 77 74 72 47 66 51 82 59 104 55 43 74 89 20 2 67 34 112 15 66 112 30 115 15 59 85 43 84 47 35 111 11 36 94 101 112 16 99 89 5 41 46 88 35 10 56 64 33 54 111 57 62 77 13 112 100 24 53 56 45 104 73 73 113 24 61 110 58 4 30 67 15 88 98 114 71 32 62 72 90 73 101 96 99 77 104 39 115 106 43 99 
98
86 78 43 24 116 76 19 26 83 1 38 30 112 10 5 67 41 60 72 54 105 25 19 44 23 93 45 60 24 102 108 55 47 86 42 53 100 9 54 90 41 29 24 32 45 117 85 104 45 19 101 14 9 75 48 77 8 89 117 30 10 49 48 84 7 77 31 87 49 13 17 79 59 44 69 3 15 41 112 88 113 9 66 8 41 60 37 39 56 68 106 17 58 39 49 32 77 59 
97
108 65 88 52 4 72 4 92 70 2 115 76 106 76 23 2 14 29 104 111 116 47 38 13 58 63 59 20 8 107 12 45 48 63 25 93 11 89 48 22 114 110 62 102 95 26 96 45 100 65 115 65 44 107 67 40 81 73 9 9 10 29 83 66 94 64 88 110 5 105 88 41 98 85 1 12 20 13 99 106 116 8 53 75 46 34 76 33 36 43 63 76 93 84 8 6 6 
92
86 105 102 70 14 1 73 26 86 81 74 11 44 17 110 76 61 81 102 27 104 108 93 39 94 90 90 85 44 16 5 2 56 16 24 52 79 46 91 25 7 49 29 74 74 61 64 36 61 10 77 15 96 94 66 104 55 90 69 85 80 24 81 110 13 96 35 99 13 93 27 27 57 81 1 20 93 62 27 99 39 83 67 66 51 88 69 4 72 96 93 62 
91
17 72 31 60 101 88 1 68 98 45 81 43 101 4 98 107 11 63 57 26 64 55 39 24 32 23 23 52 105 81 50 11 90 61 16 101 56 43 6 109 59 4 103 103 57 67 16 93 108 7 61 108 103 75 47 81 30 64 3 54 67 41 57 57 28 106 28 24 58 17 3 30 106 4 102 15 47 26 65 35 37 39 68 36 92 12 96 57 67 22 19 
99
28 9 8 24 62 78 97 73 96 3 80 1 86 34 85 16 40 33 34 90 27 110 35 51 97 77 1 24 77 23 102 50 114 69 118 67 44 17 118 98 13 50 62 57 75 84 73 14 60 65 56 101 97 7 7 41 62 116 10 97 26 63 118 110 38 4 57 27 118 93 15 79 29 39 72 59 32 10 53 88 58 51 96 34 98 57 2 104 109 50 56 52 93 12 81 34 68 102 11 
95
52 52 100 31 87 86 16 87 102 55 44 23 52 41 74 91 93 8 63 53 52 7 38 102 104 10 15 12 100 53 20 108 112 95 30 95 105 22 27 54 39 73 101 80 17 24 64 15 75 99 9 37 97 5 108 54 35 75 69 1 113 58 52 18 6 96 76 25 16 59 47 51 106 112 72 40 52 96 25 25 26 80 71 79 39 63 108 112 84 3 93 8 8 81 46 
98
42 3 116 25 95 38 22 45 76 37 84 97 14 101 52 108 2 13 115 48 111 11 11 67 81 30 13 103 96 88 63 20 7 58 74 30 21 35 33 75 28 34 73 55 98 94 45 37 62 19 59 104 3 42 116 104 71 35 38 24 12 37 4 113 86 76 105 10 59 113 98 8 41 2 67 114 56 11 67 91 50 100 90 84 18 2 7 29 67 41 92 14 8 86 8 30 62 21 
99
92 13 33 31 1 82 13 117 103 82 46 68 98 44 50 3 111 115 83 96 69 106 108 22 70 1 37 79 107 93 4 28 21 103 59 7 55 15 38 45 62 11 11 41 13 14 113 22 49 68 66 36 30 77 53 49 74 108 92 94 26 1 22 7 53 107 112 34 33 21 24 75 89 37 1 53 56 101 68 109 62 70 49 90 111 117 21 7 6 111 66 33 1 109 103 30 34 50 36 
97
15 37 73 113 51 48 51 16 17 8 13 52 96 92 110 42 85 41 61 66 92 70 73 31 4 94 92 5 43 15 86 76 98 106 114 44 85 72 85 11 27 11 22 99 49 4 2 73 113 71 26 48 49 39 57 114 20 96 9 91 60 103 116 56 48 17 28 3 116 37 64 95 7 110 30 27 76 12 89 74 101 75 30 86 67 67 86 45 62 26 9 51 96 2 18 6 51 
97
45 10 40 49 97 76 80 57 115 29 78 77 47 3 80 41 10 96 14 37 48 62 17 7 18 58 114 66 82 55 32 14 98 101 104 72 22 94 67 58 115 81 87 14 32 34 114 72 14 6 114 46 87 39 41 51 78 6 31 98 46 78 26 20 59 100 48 92 113 49 56 43 92 3 18 80 112 100 20 44 26 107 21 41 23 13 36 115 103 43 58 103 72 61 95 56 25 
100
38 47 81 24 22 104 116 67 59 74 55 21 110 13 43 57 42 78 36 76 100 6 43 71 68 84 54 118 107 53 30 64 23 89 41 33 46 79 34 108 72 44 62 93 47 88 23 30 51 113 30 32 97 12 85 28 116 113 115 58 55 55 11 10 114 8 7 82 75 62 1 104 94 110 99 95 40 68 24 31 33 63 34 88 24 54 108 7 115 115 11 93 7 71 89 108 45 46 26 68 
97
4 111 77 36 37 107 53 96 33 52 36 71 3 86 62 72 67 10 100 1 9 78 19 54 60 79 46 92 54 2 114 62 62 23 91 47 44 103 93 112 100 25 116 69 73 95 16 107 75 10 35 73 39 72 84 89 74 68 83 88 69 23 34 28 39 21 44 102 27 97 12 92 88 86 61 21 66 42 95 46 103 64 56 115 101 109 31 59 50 10 49 113 22 93 98 107 103 
98
62 80 10 44 76 90 17 40 3 13 83 107 28 64 48 38 115 3 108 91 60 81 107 37 108 2 48 58 42 8 32 2 49 104 106 27 65 80 117 86 64 77 38 26 34 22 27 18 66 111 10 59 108 117 112 78 53 89 57 12 55 42 22 103 93 50 7 77 23 80 77 110 87 20 98 102 36 92 100 67 37 81 108 110 54 8 57 70 62 9 51 8 47 98 95 30 16 71 
99
100 44 108 108 7 4 115 114 103 97 103 6 17 84 16 58 57 13 76 107 12 102 78 2 12 74 77 69 78 103 52 98 118 41 91 69 104 4 84 24 102 42 44 88 35 8 97 44 114 52 114 13 54 98 46 62 87 82 76 106 94 50 100 26 31 97 76 55 39 89 24 86 41 59 51 3 63 109 89 71 15 84 82 17 18 57 52 97 22 116 51 76 12 94 116 3 17 10 20 
94
92 2 27 31 101 110 52 84 16 23 66 96 42 34 39 63 92 53 80 44 93 108 27 93 87 27 89 93 88 85 68 14 58 77 83 110 100 43 44 26 66 50 105 49 83 79 62 42 50 4 105 71 72 22 91 76 111 4 55 11 106 41 72 34 19 52 55 88 20 54 94 19 11 59 23 78 8 44 24 89 88 68 51 65 55 66 72 82 50 111 47 26 11 1 
95
27 40 10 102 2 48 1 99 72 103 64 105 39 107 112 18 104 25 30 15 107 58 101 50 59 44 44 15 46 23 41 74 8 37 107 86 34 82 79 60 34 90 80 26 7 96 110 36 40 95 87 4 111 34 96 34 29 71 62 28 71 70 21 98 61 97 111 50 30 13 75 58 23 109 106 55 70 94 45 65 47 48 110 61 68 99 114 100 69 32 2 42 105 84 39 
90
86 4 89 26 57 63 3 60 106 89 29 55 10 1 7 105 44 54 1 39 71 84 57 26 23 45 104 72 99 34 81 71 9 26 91 22 94 21 49 46 87 84 7 34 69 49 78 49 6 13 63 23 80 65 85 7 53 25 56 57 103 34 70 92 24 28 100 105 49 99 60 41 5 57 34 3 20 100 4 77 5 7 98 44 83 19 65 22 99 56 
100
116 47 78 14 109 17 61 54 86 75 51 100 77 41 88 76 39 44 118 76 36 18 62 44 14 77 50 67 3 56 69 109 14 112 88 57 109 95 23 27 118 7 75 69 44 101 89 107 113 99 107 111 59 3 45 74 52 89 18 5 5 17 72 87 51 24 82 71 37 111 53 44 92 37 69 43 59 28 32 81 18 56 51 25 78 3 12 32 91 44 104 32 36 64 70 26 18 66 91 7 
99
88 21 93 96 18 82 13 53 9 103 38 85 46 62 98 10 61 69 22 52 62 100 115 85 112 115 35 116 11 54 104 113 48 49 77 50 41 41 36 4 94 35 117 91 49 42 50 95 73 92 50 30 36 117 72 118 86 102 52 26 13 7 69 73 99 83 56 23 84 60 40 46 3 110 13 103 36 42 22 84 92 41 105 70 61 8 115 44 82 87 108 115 83 37 53 113 4 61 110 
90
1 34 61 30 42 49 20 82 39 34 85 99 61 36 50 47 1 47 36 54 5 39 53 72 18 24 21 4 104 3 18 19 43 53 59 10 46 55 2 8 57 74 17 107 18 67 103 81 87 17 59 18 97 74 73 60 9 52 4 9 76 37 58 88 95 9 17 15 49 22 62 16 43 88 24 87 54 62 4 51 59 53 51 103 33 100 3 66 32 71 
93
4 74 38 71 64 82 38 83 45 18 95 67 25 31 65 13 24 60 87 19 61 10 26 46 103 97 56 86 21 33 4 41 65 53 54 95 76 78 22 7 30 42 110 39 100 82 58 74 102 47 62 38 20 18 79 110 88 57 2 90 108 72 9 28 10 81 44 17 67 71 9 4 65 84 88 45 75 62 44 45 79 25 64 7 27 69 55 56 62 100 19 97 71 
98
38 60 94 14 86 78 75 92 56 23 34 49 47 109 103 101 40 31 28 26 59 50 23 94 16 2 14 30 48 111 38 74 70 95 32 20 72 72 99 55 15 66 32 70 104 116 65 34 40 50 108 110 114 56 40 91 81 49 71 104 88 10 108 27 99 110 70 97 24 89 68 50 111 32 115 14 40 20 84 62 65 54 29 63 117 19 92 65 73 81 32 52 34 78 107 100 32 105 
94
97 42 84 33 41 67 97 7 54 100 102 81 78 12 55 97 44 51 76 37 10 112 96 105 111 12 8 95 23 22 69 34 35 41 107 39 16 60 50 36 108 40 108 86 86 111 9 94 5 106 40 75 77 36 95 78 93 38 108 26 60 82 93 59 86 52 109 72 65 5 80 76 101 66 81 65 11 29 41 62 20 98 67 3 110 77 78 49 35 90 99 32 66 93 
91
92 91 90 89 88 87 86 85 84 83 82 81 80 79 78 77 76 75 74 73 72 71 70 69 68 67 66 65 64 63 62 61 60 59 58 57 56 55 54 53 52 51 50 49 48 47 46 45 44 43 42 41 40 39 38 37 36 35 34 33 32 31 30 29 28 27 26 25 24 23 22 21 20 19 18 17 16 15 14 13 12 11 10 9 8 7 6 5 4 3 2 
90
1 2 3 4 5 6 7 8 9 10 11 12 13 14 15 16 17 18 19 20 21 22 23 24 25 26 27 28 29 30 31 32 33 34 35 36 37 38 39 40 41 42 43 44 45 46 47 48 49 50 51 52 53 54 55 56 57 58 59 60 61 62 63 64 65 66 67 68 69 70 71 72 73 74 75 76 77 78 79 80 81 82 83 84 85 86 87 88 89 90 
0
