978
1 99994
1 99885
1 99822
3 13056
1 99731
1 99701
1 99709
1 99692
1 99637
5 7050
1 99636
1 99564
1 99522
5 29917
1 99515
1 99437
1 99372
1 99298
1 99271
1 99177
1 99096
1 99075
1 98970
1 98966
1 98952
1 98849
1 98823
1 98754
1 98742
1 98733
1 98730
3 14540
1 98728
1 98723
4
1 98697
1 98601
1 98525
1 98472
1 98402
1 98296
5 17101
1 98299
1 98234
1 98181
1 98121
1 98081
1 98078
1 98019
1 97911
1 97916
1 97834
1 97734
1 97701
1 97677
2 6238
1 97683
1 97603
1 97535
5 13561
1 97506
1 97430
5 30073
5 14379
3 30426
1 97384
1 97313
1 97322
1 97215
2 5681
5 2984
2 3325
1 97225
1 97221
1 97112
1 97084
1 97048
1 96943
4
1 96899
1 96876
1 96862
1 96819
1 96771
1 96750
1 96692
1 96604
2 7299
3 25724
1 96525
5 8409
1 96534
4
1 96525
1 96467
1 96473
1 96392
1 96286
1 96240
1 96134
1 96126
1 96122
5 5604
1 96129
1 96125
2 29452
1 96023
1 95938
1 95931
1 95850
2 16753
1 95821
1 95788
1 95710
1 95650
2 15882
1 95562
1 95490
1 95449
4
1 95426
4
1 95345
1 95239
1 95225
1 95116
1 95107
1 95090
1 95002
5 4773
5 30141
1 95002
1 94930
1 94907
1 94798
1 94783
1 94751
1 94747
5 30726
1 94719
1 94706
1 94659
1 94573
4
2 32064
1 94555
1 94545
1 94478
2 6399
1 94463
2 15007
1 94418
2 13542
1 94320
1 94239
1 94166
1 94143
1 94138
4
1 94040
3 11050
1 94031
3 6786
1 93948
3 28364
1 93899
5 20494
1 93853
1 93791
3 23484
1 93695
1 93689
1 93586
1 93537
1 93524
1 93513
1 93522
1 93497
1 93430
1 93375
1 93382
1 93276
4
1 93183
1 93117
1 93108
1 93064
1 93051
1 92981
1 92900
1 92855
1 92815
1 92779
1 92737
1 92683
1 92658
1 92576
1 92562
1 92498
1 92389
2 22614
1 92383
3 1787
1 92322
1 92315
1 92255
1 92208
1 92136
1 92082
1 91993
1 92000
1 91931
1 91842
1 91738
1 91675
1 91573
1 91476
1 91442
1 91357
5 10859
1 91256
1 91152
1 91085
1 91064
1 91033
1 91005
1 90997
1 90914
1 90906
1 90842
5 20189
4
5 24711
1 90796
1 90740
1 90691
1 90627
1 90610
1 90519
1 90463
1 90398
1 90322
1 90291
1 90273
1 90221
1 90114
1 90072
1 89986
1 89907
1 89828
1 89776
3 9912
1 89690
2 12893
1 89647
1 89558
1 89551
1 89495
1 89391
1 89352
5 9080
1 89295
1 89263
1 89199
2 28597
2 26170
1 89163
1 89070
1 89071
1 88999
2 24099
1 88954
1 88903
1 88863
1 88791
1 88701
1 88620
1 88518
1 88480
1 88415
1 88422
1 88422
1 88321
1 88212
1 88175
1 88161
2 6725
1 88060
1 88055
1 88002
1 87972
1 87875
1 87783
1 87758
1 87752
1 87703
1 87679
1 87668
1 87577
1 87570
1 87548
1 87541
1 87500
3 16690
1 87496
1 87402
2 12574
1 87364
2 21712
1 87282
1 87236
5 30507
5 18100
1 87239
5 7708
1 87155
1 87072
1 87005
1 86968
1 86962
4
1 86906
1 86800
4
1 86735
1 86695
5 2940
1 86664
1 86648
1 86619
1 86611
2 1471
1 86518
1 86418
1 86338
5 28856
1 86251
1 86198
1 86090
1 86023
1 86023
1 85981
1 85941
1 85836
1 85790
3 25548
3 7276
1 85772
1 85697
4
1 85659
1 85582
1 85538
1 85496
1 85412
1 85343
5 16256
1 85289
1 85278
1 85252
1 85163
1 85165
1 85108
1 85042
2 11982
1 84966
1 84953
1 84894
5 9272
1 84800
1 84792
4
3 20007
1 84745
1 84732
1 84734
1 84660
1 84572
4
1 84575
5 10575
1 84505
1 84408
1 84376
1 84375
1 84317
4
1 84220
3 9757
1 84159
1 84080
1 84026
4
1 84025
1 83966
1 83938
1 83868
4
1 83849
1 83831
2 768
1 83745
1 83657
1 83618
1 83518
1 83424
1 83421
1 83329
3 5241
5 25760
1 83336
4
1 83227
1 83225
1 83122
1 83017
1 83010
1 82990
1 82916
1 82822
1 82776
4
4
1 82673
1 82627
2 17191
1 82524
1 82440
1 82438
1 82443
1 82430
1 82399
1 82312
5 4754
1 82219
1 82184
2 22176
2 14772
1 82102
1 82052
1 82049
1 81958
5 32663
1 81945
1 81851
1 81858
3 32002
1 81814
1 81753
1 81676
2 10613
1 81590
4
1 81543
1 81497
3 13250
1 81451
1 81456
5 28156
1 81402
3 30447
4
1 81401
1 81349
1 81322
3 8325
1 81308
1 81311
1 81266
1 81239
3 16302
3 909
1 81136
1 81136
5 16417
1 81133
1 81046
1 81047
1 81043
1 80986
1 80914
1 80835
4
1 80738
1 80686
1 80659
1 80648
1 80569
1 80509
1 80477
1 80385
1 80295
1 80270
1 80183
1 80120
4
1 80030
1 80002
1 79926
1 79834
1 79779
1 79718
1 79719
1 79631
1 79610
5 20995
1 79552
1 79445
1 79353
2 359
1 79322
1 79252
5 23663
1 79213
1 79117
1 79084
1 79037
1 78977
1 78898
1 78832
1 78796
1 78705
1 78712
1 78671
1 78650
1 78571
1 78517
1 78526
1 78451
1 78426
1 78375
1 78269
5 32381
1 78225
1 78120
1 78022
1 77988
1 77933
1 77865
1 77873
1 77851
3 15169
1 77767
1 77678
1 77668
1 77594
1 77579
1 77571
1 77511
1 77506
1 77502
1 77485
1 77406
1 77351
1 77253
1 77215
5 17739
1 77219
1 77128
1 77130
1 77027
2 5820
1 77018
1 76977
1 76984
1 76898
1 76873
1 76804
1 76811
1 76778
4
1 76713
1 76689
3 32395
5 12107
1 76692
1 76649
2 32515
1 76636
1 76645
1 76600
1 76604
1 76561
1 76540
1 76510
3 27739
1 76413
1 76380
1 76285
1 76184
1 76121
1 76024
1 75920
1 75920
1 75908
1 75860
1 75850
1 75748
1 75664
1 75637
1 75559
1 75551
1 75534
1 75457
2 2136
2 32018
1 75387
2 27222
1 75393
1 75283
1 75244
1 75218
1 75214
5 3381
1 75111
1 75098
1 75070
1 75019
1 74964
1 74949
4
1 74878
1 74789
1 74746
1 74693
2 12099
1 74603
1 74515
1 74436
1 74423
1 74404
1 74368
1 74331
1 74285
1 74242
1 74229
2 19137
1 74193
1 74130
1 74072
5 23094
1 74040
1 74003
1 74011
1 73918
3 12219
1 73924
1 73877
1 73813
1 73795
1 73782
5 7586
1 73784
1 73741
1 73707
1 73621
2 11295
1 73515
1 73507
1 73403
1 73316
4
1 73324
1 73258
3 10745
5 4107
4
1 73224
1 73121
1 73029
1 73005
1 72995
1 72923
1 72819
1 72829
1 72825
4
4
1 72759
1 72680
1 72644
4
1 72598
1 72496
1 72479
3 14753
3 3966
3 14440
3 12223
3 8439
3 7740
3 4929
5 5981
5 26327
5 18227
3 15048
3 17529
5 31564
3 13210
3 12995
2 18836
1 77506
3 2300
3 5544
3 15507
3 4375
2 15958
4
3 455
3 9858
3 7189
3 7521
3 4484
3 11236
3 3048
5 6212
1 83227
1 72546
3 7467
2 8279
5 15256
4
3 2967
5 9701
3 883
3 9086
5 17680
3 2021
3 8274
3 5386
3 4203
3 8993
3 2807
3 14008
3 11274
3 15464
3 12391
3 11562
3 4563
3 14988
5 31849
3 5092
3 2126
2 4645
5 31272
5 7696
3 12267
5 11628
2 14004
3 6713
3 15033
3 14561
3 13184
3 10928
5 8272
3 12741
1 72565
5 836
3 9458
3 3075
3 2582
5 805
3 15546
4
3 12363
3 5421
3 665
2 15786
3 11727
3 13523
3 1912
5 7097
3 6738
3 15671
5 4423
4
2 8807
2 24753
1 94031
2 20062
3 11526
3 7133
3 496
5 15852
2 22043
3 7932
5 11441
3 19600
3 12405
3 403
3 12465
3 10991
3 8944
3 6747
3 1485
5 23412
5 32427
5 24336
5 1607
1 72668
3 11755
5 15031
1 73029
5 23127
1 72720
3 1013
3 2342
4
3 2487
3 18069
5 7466
3 1604
3 17775
5 14758
1 72764
3 15628
5 13314
4
3 10116
3 5472
5 8443
3 3946
3 13327
3 7877
1 72831
5 20749
5 16274
3 18773
3 12606
5 10165
5 27529
3 10127
3 10771
4
5 19955
2 11608
1 72891
3 6575
4
3 12409
5 17621
3 9134
5 31504
1 72989
3 4562
3 9873
4
3 5195
5 23095
3 18796
1 73006
3 16990
3 4788
3 5186
3 16742
5 3125
3 11497
3 12473
3 4861
3 8993
3 11004
3 9645
3 955
3 3542
3 2892
3 12844
2 7016
3 14237
5 1483
5 10937
3 11585
3 1556
3 9888
3 10700
3 6581
1 73010
5 30612
3 2332
3 2114
4
3 5252
5 27141
1 77571
5 14566
3 6892
1 73077
3 8336
5 14938
4
3 1655
1 85941
5 10831
1 89828
3 2553
3 12086
5 1405
5 18517
3 9136
3 2671
4
5 26482
3 10428
5 3185
3 4351
3 12116
5 11473
3 1304
2 18505
3 3951
3 19544
3 3102
3 4305
3 11300
1 73126
3 7144
3 14357
1 73217
5 20095
3 12760
5 11864
2 16454
3 297
3 5400
5 13114
3 1257
5 31053
3 10262
3 2842
5 5790
3 9687
3 7078
3 9210
1 73256
5 27442
3 2572
3 11712
3 5752
3 12615
3 8292
3 10696
3 8396
3 231
5 31537
3 11773
3 17288
1 73266
3 18140
2 18941
3 3137
5 9732
2 24778
3 1157
3 6021
2 13334
5 10064
3 10311
3 19198
5 17927
2 11068
3 9067
3 10196
5 22699
3 11506
5 19597
5 13701
3 17735
4
3 5264
5 19379
2 14304
3 3931
5 12449
3 384
1 81239
3 7384
1 75457
2 31304
2 11161
