96
1 99994
1 99946
1 99849
1 99849
1 99797
1 99709
1 99629
1 99550
1 99507
1 99402
5 4232
1 99324
1 99266
5 11132
1 99236
1 99181
1 99110
1 99094
1 99020
1 98926
1 98912
1 98911
1 98921
1 98880
1 98811
1 98706
1 98672
4
1 98584
1 98495
1 98494
1 98482
1 98470
1 98437
5 22924
1 98399
1 98331
1 98305
1 98248
1 98220
1 98147
4
3 13743
1 98151
4
1 98120
1 98047
1 98031
1 97998
1 97921
3 22022
3 2128
4
1 97844
1 97821
1 97746
1 97695
1 97623
1 97611
1 97564
1 97504
4
1 97400
1 97302
1 97285
3 14402
1 97291
1 97235
3 13385
5 29402
3 5425
5 27198
4
3 1101
4
4
3 17858
3 17503
3 13627
3 10566
1 98220
5 21303
1 98031
3 4836
3 7916
5 16238
5 28247
3 19004
2 1331
2 5992
2 15234
3 11031
3 947
3 16717
3 4855
3 6150
