992
1 7
1 18
1 56
1 156
4
1 232
1 317
1 338
1 389
1 480
1 578
1 573
1 646
1 675
1 714
1 738
1 838
5 20184
5 1962
3 22059
1 849
1 879
1 919
2 29683
1 1019
4
5 23729
3 22510
1 1054
1 1150
1 1153
1 1182
4
1 1188
1 1216
1 1258
2 25985
1 1338
1 1387
1 1408
1 1478
5 30619
1 1583
1 1671
1 1777
1 1769
1 1830
1 1906
1 1967
1 2022
1 2070
1 2155
1 2168
1 2175
1 2203
1 2289
1 2286
2 7116
1 2300
1 2326
1 2392
1 2407
1 2470
1 2530
1 2521
1 2595
1 2646
1 2743
4
1 2799
1 2810
1 2883
1 2965
5 4848
1 2989
1 3069
1 3064
1 3108
3 12999
1 3104
1 3213
1 3320
1 3360
1 3443
1 3498
1 3514
1 3614
1 3705
1 3778
1 3857
2 29962
1 3904
1 3952
1 4031
1 4125
1 4230
1 4245
1 4262
3 21791
1 4368
1 4456
1 4466
1 4482
3 3445
1 4506
1 4606
2 8614
4
4
1 4653
1 4730
1 4720
1 4754
1 4811
1 4849
1 4916
1 5002
4
1 5006
1 5115
1 5198
1 5280
2 24838
1 5346
5 19366
1 5421
1 5433
1 5525
1 5560
1 5579
1 5656
1 5653
5 31710
1 5743
1 5829
1 5922
1 5930
1 5955
1 6045
1 6131
1 6157
4
1 6182
1 6209
1 6258
1 6321
1 6423
1 6449
1 6457
2 23120
1 6470
1 6570
1 6571
1 6659
2 15635
1 6702
1 6747
1 6795
4
1 6804
1 6878
1 6869
1 6981
2 31062
4
1 7044
1 7109
1 7129
5 1185
1 7192
1 7284
1 7330
4
1 7411
1 7415
1 7471
1 7503
1 7568
1 7647
1 7734
1 7826
1 7864
1 7917
1 8021
1 8022
3 23273
1 8093
4
1 8136
5 4611
1 8135
1 8147
5 30674
1 8137
1 8194
1 8243
1 8288
1 8333
1 8349
1 8372
1 8407
1 8480
3 7812
1 8555
1 8634
1 8720
1 8782
1 8864
1 8888
1 8977
1 8991
5 25845
4
1 9042
1 9064
5 16543
1 9093
1 9148
1 9148
1 9207
5 8452
1 9310
1 9391
1 9393
1 9481
1 9563
1 9629
1 9671
1 9744
2 10516
5 768
2 5185
1 9849
1 9886
1 9984
1 10074
1 10107
1 10175
1 10275
1 10313
1 10376
1 10399
1 10496
1 10595
1 10639
1 10726
1 10811
1 10890
2 9095
1 10996
1 11091
1 11091
3 685
1 11198
1 11304
1 11356
1 11375
1 11438
5 29096
3 4275
1 11469
2 20547
1 11545
1 11550
1 11560
1 11551
1 11606
1 11646
1 11654
1 11752
1 11820
3 24022
1 11880
1 11946
1 12002
1 12014
1 12118
1 12190
1 12201
1 12291
1 12340
1 12358
1 12436
1 12499
1 12522
1 12613
1 12631
1 12718
1 12799
4
5 5682
1 12876
1 12869
1 12904
1 12947
1 13001
1 13075
3 17736
1 13102
1 13168
1 13186
1 13288
1 13299
1 13400
1 13435
4
2 13637
1 13497
1 13574
1 13612
1 13667
1 13660
1 13673
1 13664
1 13729
1 13805
1 13796
2 5281
1 13862
1 13952
5 9781
5 8597
1 13960
1 13970
1 13982
1 13994
1 14040
1 14119
1 14148
5 15106
1 14190
1 14272
2 9185
1 14351
1 14373
1 14456
1 14469
5 14673
1 14501
1 14585
1 14609
2 25146
1 14644
1 14706
1 14717
1 14750
1 14801
1 14818
4
1 14918
2 1809
1 14978
1 15044
1 15069
1 15125
4
1 15224
1 15216
1 15316
1 15416
1 15508
1 15595
4
1 15592
1 15630
1 15722
1 15760
1 15799
1 15817
1 15880
1 15947
1 16035
3 7601
1 16098
1 16149
1 16241
1 16342
1 16400
1 16473
2 17479
1 16545
1 16612
1 16611
1 16714
1 16790
1 16847
4
5 2482
1 16933
1 17016
1 17092
1 17163
2 25490
4
4
1 17166
1 17216
1 17267
1 17325
1 17400
1 17459
1 17514
1 17529
1 17596
1 17675
1 17742
1 17834
1 17843
1 17905
1 17987
1 18088
1 18138
1 18185
1 18186
1 18227
1 18312
1 18377
3 22300
1 18484
1 18500
1 18583
1 18580
1 18690
1 18716
1 18769
1 18874
1 18973
1 18964
1 19073
1 19160
4
1 19232
1 19227
1 19313
1 19403
1 19477
1 19537
4
1 19642
1 19737
1 19784
2 900
1 19862
1 19926
1 19953
1 20051
3 5710
5 10870
1 20093
1 20195
1 20232
1 20328
1 20417
1 20410
1 20466
1 20468
1 20485
1 20587
1 20610
1 20623
4
1 20678
1 20740
1 20829
1 20922
1 20982
1 21090
5 12132
1 21129
1 21188
4
1 21216
1 21274
1 21361
4
1 21398
1 21413
2 11032
1 21512
1 21519
1 21545
1 21645
1 21652
1 21716
2 27894
1 21801
4
1 21804
1 21854
2 25826
4
5 2620
1 21911
1 22005
1 22062
1 22081
1 22190
1 22284
1 22321
1 22346
1 22406
1 22409
3 14633
5 17712
1 22479
1 22521
3 19828
1 22555
1 22659
1 22673
1 22709
1 22718
3 12747
1 22810
1 22890
1 22948
4
1 22951
1 23037
5 5906
1 23061
1 23158
4
5 12087
3 18424
1 23264
1 23269
1 23293
4
4
1 23368
1 23411
1 23473
1 23548
1 23543
1 23655
1 23719
1 23821
1 23848
1 23899
1 23923
1 24008
1 24072
1 24069
1 24172
1 24272
1 24330
1 24375
1 24438
1 24512
1 24566
2 2072
1 24622
1 24649
4
1 24757
1 24806
1 24884
1 24946
1 24940
1 25017
1 25118
1 25203
1 25239
1 25327
1 25435
1 25505
5 28103
4
1 25525
1 25534
1 25549
1 25618
1 25626
1 25694
1 25757
1 25817
1 25863
3 20636
1 25912
1 25951
1 26007
1 25997
1 26073
1 26072
1 26126
1 26143
1 26242
1 26317
5 8488
1 26353
4
1 26350
1 26359
4
1 26352
3 683
1 26358
1 26447
1 26521
1 26565
1 26595
1 26613
2 19627
1 26710
3 17353
4
1 26728
1 26837
4
1 26936
5 12061
3 22039
1 27015
1 27072
1 27067
4
1 27149
1 27168
1 27186
1 27213
1 27271
1 27307
5 12802
1 27410
5 16120
4
5 2093
1 27508
1 27539
1 27597
2 6807
1 27694
1 27694
1 27692
1 27757
1 27791
1 27869
5 26107
1 27926
1 27942
1 28028
1 28115
2 7797
1 28109
1 28200
1 28258
1 28269
1 28278
1 28368
1 28382
1 28400
1 28469
4
5 16678
1 28564
3 8773
1 28633
1 28651
1 28694
1 28768
2 23259
1 28853
4
1 28880
4
1 28983
3 1703
2 11414
1 29087
1 29187
1 29211
3 18300
1 29299
3 28817
1 29330
1 29380
3 32103
1 29385
1 29480
1 29546
1 29566
5 11960
1 29630
1 29731
1 29756
1 29842
1 29947
1 29995
1 30071
1 30084
1 30119
1 30181
1 30196
1 30204
1 30159
5 8619
3 88325
2 18427
3 88098
5 31717
5 4099
5 16653
3 81906
3 92696
3 89661
4
3 88905
5 29546
3 88237
1 20982
4
2 22465
4
5 5765
5 7089
3 98172
5 8968
2 27601
3 84803
3 88162
1 6981
3 97824
3 97168
3 93016
3 89203
4
1 7415
2 11490
4
3 89590
5 27894
3 89678
1 13960
2 28941
4
5 18016
5 11299
1 30078
5 9696
5 14485
3 96481
2 26127
3 90865
3 97901
1 30039
5 12594
3 83408
2 13571
5 30785
1 30041
3 91372
5 23703
3 94781
3 97617
3 93610
3 90127
5 11770
1 29997
3 95199
1 29976
3 96556
3 88779
3 97908
1 29903
3 94919
4
5 20648
1 29858
3 81859
3 95530
3 97835
3 83058
5 29441
2 12992
3 90296
3 96400
3 93446
3 89938
1 1478
5 26286
3 83804
3 80874
4
3 94220
5 21841
3 94322
5 29858
3 87462
3 89396
3 89847
3 92665
3 91359
5 6550
5 3541
3 93769
3 93324
3 97799
1 29785
5 30394
1 29691
4
5 25620
2 7235
2 16987
3 89329
3 91603
1 29700
3 91998
4
5 12488
5 12877
5 11809
3 97854
3 94931
5 24347
3 85123
5 817
3 80235
3 93128
3 88820
3 91228
3 95279
1 29644
3 91995
3 82800
1 6878
2 11253
3 88298
3 88859
5 17024
3 87746
5 24085
5 32542
1 29570
3 90579
3 91921
3 83820
3 91905
5 31912
3 92908
3 87841
3 97661
3 81445
3 95948
4
5 22129
4
5 11138
4
5 10775
2 26493
5 15808
3 91404
3 89233
3 96783
3 80154
3 98941
5 11399
3 88759
3 92420
3 81296
3 81130
3 98858
4
3 90929
1 29549
5 12892
3 81549
5 192
3 95303
3 99117
3 85134
3 95821
2 30558
1 29536
3 92814
3 96524
5 7305
1 29449
3 98688
5 4183
4
5 25083
3 99848
2 28592
1 16035
1 29428
1 17596
5 7047
3 93290
3 80393
5 25727
5 22750
5 24997
3 92374
3 95857
3 90785
2 2356
3 87548
3 86935
1 29374
1 13102
5 28448
2 5042
3 87893
5 18635
3 98820
3 97903
3 98880
5 12824
3 95337
1 24512
3 87831
3 99240
3 92036
3 90903
2 12489
5 9955
2 17500
5 1285
5 11828
5 4737
3 87595
5 27568
3 96360
5 20165
4
2 19035
5 26329
3 86907
3 99743
5 30993
2 7154
5 10561
5 25137
3 95034
3 91894
3 97154
5 26287
3 94021
3 92094
2 2853
2 502
3 96926
2 12240
3 95819
3 96813
5 7333
2 32061
3 81920
5 29228
3 91328
1 29349
3 84122
5 8960
5 1162
5 11650
3 89585
3 95837
3 98087
5 14416
3 80176
3 81945
2 5969
3 98000
3 95485
5 31825
3 94036
3 85412
2 3013
3 82100
5 18316
3 87472
3 93544
1 29339
2 21490
1 29339
2 16789
5 16583
5 30935
5 20363
3 90421
3 93577
1 29314
5 7076
4
5 15568
5 4986
3 90759
3 80541
5 1159
