512
1 8066
1 6424
1 9569
1 27209
1 6424
1 9569
1 9563
1 6424
2 27209
1 6699
1 9569
5 6424
1 3576
1 18792
1 6424
1 21978
1 16912
1 24691
3 24691
1 3576
1 6424
2 11188
1 24691
1 4869
1 13278
2 1207
1 32248
2 22848
4
1 23368
3 4869
5 3576
1 27209
1 13747
1 8066
2 11172
1 16912
1 23404
1 1269
1 9569
1 23368
1 13141
1 3576
3 14037
1 23404
1 655
1 21233
3 13141
1 25279
1 1269
1 4869
1 18407
2 28638
5 214
1 9324
2 22297
2 14088
2 9088
1 27262
2 23368
2 19880
2 5707
2 10500
2 21233
4
2 19851
2 9626
2 17937
2 2367
5 29798
2 15398
2 8320
2 14183
2 18073
2 17963
2 1527
2 24747
2 27773
2 6756
1 3576
2 17830
2 16241
2 8900
2 9569
2 15239
2 4200
2 31675
2 655
2 15851
2 9324
4
2 29834
2 5031
1 2077
2 321
2 24691
3 13747
2 9375
2 10917
2 32248
2 26833
2 17163
2 9671
2 19339
5 3279
2 14601
3 9855
3 27262
2 13346
2 27262
2 11351
2 24054
3 9324
2 28448
2 29345
2 21233
2 880
2 2637
2 11990
4
3 27209
2 4086
5 23441
2 19757
2 4639
2 23368
2 12552
2 14712
2 32043
4
2 464
1 9324
4
2 20903
2 24052
2 7186
2 19621
2 18950
2 32282
2 13141
2 13416
2 29444
2 22508
2 13278
2 4016
3 655
2 11754
5 18910
2 25103
2 26952
5 27236
2 9627
2 15649
2 25389
1 1269
1 16499
1 23368
1 24262
4
2 21955
1 31600
1 5059
1 11451
1 3576
1 11451
5 13364
1 30028
1 13912
1 13912
1 6699
4
1 7183
1 27282
1 1037
1 17836
1 13167
1 20137
1 13747
1 10893
1 13141
1 7183
1 4401
1 4401
1 655
3 25279
1 20137
1 16967
2 1606
1 17529
1 28866
1 14780
1 19912
1 3132
1 27209
1 13660
1 25279
1 5059
1 23750
1 28866
1 6079
1 29998
1 27209
3 24262
1 15972
5 7558
1 32248
1 2160
1 5010
1 655
1 166
5 19143
1 9563
5 3765
1 11535
1 12474
1 2409
1 19941
2 6160
1 18815
1 29998
1 6407
1 17529
1 1471
1 7616
1 6474
1 16818
1 4948
1 17529
3 25665
1 19912
1 19782
1 19912
1 134
1 364
1 31747
2 3614
1 28811
5 24681
1 28866
1 19077
1 24514
3 4948
1 20427
1 7183
5 19953
1 27282
3 18407
3 16967
1 11451
1 28470
1 9965
1 134
1 29998
1 7988
1 6471
1 27989
4
1 14511
5 11039
2 29371
5 134
1 18610
1 6469
2 4229
1 13812
1 11455
1 24457
5 8546
2 28866
5 10521
1 3441
5 134
5 134
3 6469
2 21376
3 11451
2 18243
3 30028
5 26546
1 21978
5 11731
1 26856
5 134
1 15295
5 29387
2 27262
5 23681
4
1 32119
5 5604
2 16400
4
3 17836
2 17458
5 16594
4
5 31845
1 3313
5 16336
3 18792
4
3 12474
1 4814
4
1 21891
1 15888
5 28480
2 3909
1 2077
5 10731
2 21891
1 11225
5 29364
2 1269
5 26968
5 134
1 14702
2 18765
1 9108
5 134
2 18767
5 12640
5 7772
5 5563
5 134
1 6407
4
5 21993
4
5 23068
5 32710
5 30639
4
2 17499
2 15547
2 15854
1 26778
5 10177
5 134
3 26778
5 17955
3 16912
4
1 19692
3 14171
1 21898
5 28845
1 15295
3 13732
1 31727
3 18792
5 19203
2 32248
5 28412
2 3994
4
2 3576
5 3834
4
2 11451
3 32248
5 24646
5 8374
2 11392
2 5387
1 11908
2 21978
5 134
4
5 20672
5 8916
1 23684
2 18847
5 14832
5 134
1 24796
5 18086
5 28683
2 7324
2 31319
2 32119
1 20475
1 14702
1 6407
1 12499
1 16249
5 11487
3 18285
2 3313
1 30028
2 6958
2 3045
3 13812
3 3441
5 19717
2 12499
1 4581
1 8341
5 134
3 32037
2 30976
4
3 23368
5 134
5 4027
1 7402
5 18830
2 24416
1 166
4
1 7174
1 13798
2 6471
1 13167
4
1 5544
1 9529
2 31600
2 8784
5 2508
1 24316
1 13020
5 5692
1 6424
4
2 4481
3 3576
5 5041
1 6078
3 4948
5 20619
5 134
5 24590
5 291
1 32300
1 18407
3 9529
4
4
5 13267
3 13112
3 19708
4
5 134
3 14660
5 25355
5 134
2 1698
4
3 24457
2 7313
5 1029
1 13798
5 24222
4
2 1037
3 8341
2 17529
1 4869
4
5 3884
5 766
4
1 20041
4
2 30600
3 14797
2 11980
1 3165
2 14702
1 2257
1 28988
5 134
1 13743
5 3122
2 25413
3 4386
5 134
1 12780
5 1906
4
1 7213
1 9569
5 15071
1 27941
5 27357
5 134
5 14708
1 9529
2 4869
5 30081
4
2 29069
3 12499
1 9965
5 134
5 13779
1 10676
1 5351
4
1 30590
1 19355
2 11498
4
5 27760
2 18247
5 32689
5 11774
2 23640
5 134
5 1356
5 18826
