969
1 7344
4
1 7344
1 18389
3 7344
1 26437
4
1 8786
1 24320
1 18389
1 8519
1 14905
1 24918
2 17262
1 32473
1 7344
1 6260
1 5214
1 7344
1 9133
1 23797
1 24918
5 3089
1 20543
1 24918
1 23574
5 23893
3 1369
1 14905
1 2145
1 15764
1 10449
1 10962
1 24320
5 2145
1 23651
1 23574
1 2814
1 31971
1 196
1 18473
1 24320
1 25344
1 9822
1 22184
1 28699
1 9822
1 15764
1 31971
1 25541
1 15076
1 31254
4
1 15076
1 20543
3 18076
1 18372
1 17159
1 26628
1 8706
1 24320
1 10644
1 16585
3 18372
1 20543
1 26437
1 20381
1 7344
1 29180
1 6260
1 25344
1 14905
1 18594
1 14029
3 7344
1 14223
2 24918
5 12078
1 3380
4
2 9608
1 7765
1 29592
2 3129
1 6917
1 8139
1 1253
1 8803
1 28509
1 30154
2 31587
1 19214
1 26761
1 23257
1 24320
1 18253
5 18270
2 8519
2 5292
2 31060
2 12560
2 24070
2 12775
2 27991
2 4102
2 18912
2 7625
2 9379
3 32473
2 15743
3 10529
2 32508
2 22726
2 7103
2 22498
2 24121
2 3571
2 19319
2 28115
2 24606
2 4993
2 14905
2 16500
5 196
2 7141
2 587
2 3070
2 5462
2 24683
2 6903
2 6570
2 13367
2 12177
2 17013
2 8803
2 24057
2 17159
2 686
2 165
2 2216
2 27400
2 19201
2 18796
3 16585
2 20026
2 6126
2 8519
2 17970
2 8837
2 12291
2 1763
2 25541
2 25763
2 8710
2 12245
2 4102
2 30154
2 28771
2 12876
2 21803
2 17575
2 18473
2 32742
2 13254
2 13659
2 8803
2 5320
2 5780
2 18618
2 22360
2 18944
5 196
2 5943
4
2 32257
2 21021
2 8416
2 18521
2 19219
2 15373
2 1246
2 14905
2 5301
4
2 17690
2 22130
2 167
2 15626
2 9822
2 14994
5 388
2 4776
2 32495
2 17159
2 22891
3 26437
2 722
3 31971
5 12528
2 31866
2 21089
2 5311
2 10231
2 12088
2 28509
2 10243
2 6078
2 8786
2 7344
2 16675
2 17451
2 32175
2 12199
2 20605
2 2135
2 24999
2 29592
2 25082
2 19034
2 26475
4
2 6613
2 17289
2 29265
2 21098
2 30908
2 17266
2 29100
2 8541
2 7351
2 9699
2 21896
1 25541
2 21030
2 9756
2 25327
2 10644
2 7344
2 17034
2 16311
1 12441
2 7057
2 22715
2 4256
2 9780
2 22184
4
2 21
2 12747
2 20593
2 19457
2 12764
2 1742
2 70
2 15510
2 15076
2 29264
3 22184
2 1286
2 13891
2 15764
2 9988
2 24483
2 14718
2 19214
3 17820
1 10962
2 19588
1 5376
2 31090
2 24918
2 24713
2 27247
2 539
2 16081
2 6475
2 20381
3 31254
2 25108
2 1930
2 4958
1 24394
2 25581
2 3015
2 5762
1 19214
1 29180
3 2145
3 28509
5 24938
2 21651
1 28970
1 20543
1 2145
1 2678
1 10449
1 12612
1 16346
1 3057
1 5376
5 30998
5 26952
3 18253
1 5376
1 26437
1 1186
2 32232
1 1159
1 6917
1 2654
1 23219
1 3496
5 21442
1 15339
1 23651
1 12922
4
1 28804
1 7415
5 19182
1 27168
1 9319
1 2678
1 24886
1 15339
1 18793
3 23156
1 28365
1 7344
2 709
5 4077
4
1 12613
1 22720
1 3057
2 7765
1 16041
5 27277
1 5455
1 2814
1 8097
1 1159
1 25700
1 24932
1 24932
1 25541
1 30515
1 12876
1 14029
1 8786
1 25541
1 12734
1 2654
1 24614
4
1 18042
1 2678
5 14806
1 9798
1 23797
1 2682
2 2783
1 7415
2 1159
1 8706
1 7765
1 19746
1 24320
1 23651
1 9822
1 8058
1 32078
1 14542
1 2814
1 24886
1 7415
4
2 23016
1 13729
1 25344
1 25870
3 25114
3 12441
1 22184
1 22184
5 19121
1 24918
1 21157
1 14038
1 12530
1 28746
3 23574
1 9107
3 26661
1 26229
1 12441
1 23971
1 13423
4
4
1 16041
1 18372
3 18389
1 19214
2 16585
1 7415
1 25678
1 28173
1 24614
3 1159
1 32259
1 18389
1 29630
4
1 2814
1 8786
2 17382
1 13732
4
1 23971
4
1 12734
1 1700
5 32480
2 12612
1 10449
1 24864
1 3175
1 23538
1 3942
1 7409
1 2678
1 2678
1 13807
1 17482
4
1 6109
4
1 21092
1 24501
1 18372
1 16066
1 4645
1 29498
1 24403
1 10449
1 13807
1 28072
5 30777
1 19668
1 11266
1 27633
1 10962
1 5214
1 3085
2 2315
1 29630
2 707
1 24394
1 23651
1 14665
1 8786
1 26802
1 25178
1 7761
1 30515
1 7567
1 25002
1 10883
5 14701
1 14665
1 1159
3 8786
5 6911
1 20453
1 8706
1 13732
1 23651
1 2251
1 18208
1 196
1 15764
1 14542
1 32078
1 9687
1 4311
1 5438
3 31254
1 28804
1 4013
4
3 3496
2 19776
5 1509
5 16797
3 30515
5 4689
1 32193
5 9110
2 27278
2 10064
3 32193
5 31545
1 32465
1 25080
2 25656
1 289
5 196
1 27168
4
1 2361
5 17594
4
1 14223
1 27620
1 24864
5 24901
5 28969
2 14898
5 196
4
5 18466
5 196
5 22537
5 196
1 7288
3 18372
2 10883
1 16585
5 25277
2 1186
2 2251
5 31623
5 196
5 27727
5 196
5 26497
3 26760
5 2466
4
5 17652
2 5921
4
5 196
1 2678
5 23312
5 19574
3 29498
1 24062
5 196
5 30499
3 18253
1 29558
1 32193
1 32665
2 25678
5 5222
2 20381
1 26628
2 2361
5 196
5 26115
3 17364
1 14369
5 10182
1 30823
5 196
2 8891
1 14847
5 30016
1 19409
1 26730
5 15789
4
2 25946
5 5476
4
2 16887
1 19469
5 21109
1 24062
5 32412
5 27907
3 7567
2 11113
5 9537
3 29630
2 24221
1 12612
2 15548
3 19469
1 11548
5 5383
2 5438
5 21246
5 5435
2 30453
5 12836
5 2434
5 16710
5 196
2 18007
5 11059
3 28699
2 18042
5 12804
2 22349
3 22720
1 7344
2 25843
1 23393
1 4589
5 21475
4
1 13438
2 21092
5 16694
1 12612
2 4734
5 13054
2 23866
2 15599
1 26761
3 9107
1 19214
5 26911
4
5 32618
2 9197
5 32031
1 28970
5 22885
1 25080
2 25666
4
5 196
1 24408
1 12029
2 12575
1 15245
1 17400
5 196
1 10197
1 1159
5 17980
5 6609
2 8016
5 8902
1 5214
5 432
2 9133
3 16585
1 11570
1 14092
5 9424
1 24403
5 196
1 13438
5 25324
1 4029
5 196
4
1 4314
2 22815
1 8058
3 2707
2 6260
2 25610
1 17400
2 22916
1 9107
1 20092
1 29775
2 27871
5 196
2 22160
5 17556
5 28912
1 18594
1 6109
4
2 27556
4
1 1532
4
1 6778
1 8984
5 4308
1 23506
2 17738
1 18042
3 10669
5 21255
3 29498
2 4513
1 2346
1 25678
3 21999
5 196
1 5455
3 17482
1 24864
5 17141
2 10649
5 12903
2 16372
1 23574
5 28432
5 11030
5 2165
1 18576
2 23393
2 8786
5 10539
3 10197
2 17589
5 24712
5 21887
5 28805
5 196
1 25264
4
2 29171
2 20424
1 15691
4
2 2814
3 27479
4
1 12284
4
3 23877
2 31254
1 8222
5 18435
2 4414
1 32699
2 14726
2 2114
1 30115
2 6541
1 12029
2 11266
3 24886
5 22983
1 18559
2 31843
5 21075
1 15076
5 24634
5 196
1 23653
2 11760
1 6111
2 195
1 2484
1 29177
5 1863
4
1 16933
1 13423
3 23393
1 30132
1 32431
2 14223
2 8370
2 3568
1 14706
3 14542
3 6474
2 17653
5 24127
1 23219
2 23393
1 2484
3 12284
5 18774
3 14665
5 22810
1 7409
4
3 23580
1 7415
5 196
5 21785
4
2 1961
3 24501
1 22208
4
1 8538
5 27667
5 196
1 10308
1 16620
4
1 5408
2 18576
1 3454
1 23637
1 27869
5 28066
3 19469
2 26320
2 8706
4
1 32465
1 40
2 26535
2 19293
5 40
4
3 18903
2 7235
2 19029
1 8222
2 29336
1 15245
3 23257
2 20453
1 8563
2 25855
3 24614
1 12775
1 30132
4
5 19950
5 4073
3 1253
1 24864
5 7117
2 25178
1 24932
3 22409
2 23427
5 27858
2 7281
2 30154
5 14259
5 12033
3 15245
5 4975
4
4
5 8517
1 28956
1 23203
2 28929
5 40
1 5125
1 26781
5 21887
2 18208
2 8139
2 2961
1 19214
4
1 17800
1 13414
2 19749
1 15339
5 7823
5 40
4
4
1 55
1 1253
3 11548
1 10449
1 16933
5 40
5 28871
2 3058
1 3496
1 7765
1 6210
2 18389
5 7711
1 19672
2 19020
2 186
2 24198
1 30132
2 11534
5 9253
3 7159
5 9458
1 26064
2 25896
1 2361
5 10756
2 12876
3 5063
2 10806
1 20116
5 27192
5 2953
3 25871
1 7209
2 29581
3 31254
5 21156
1 7761
1 12284
4
1 17422
1 32165
1 16288
1 21808
5 4362
2 22635
4
3 24403
5 6647
5 12700
1 8984
4
2 19672
5 161
5 11346
2 29581
1 29630
3 24501
5 17472
2 19746
1 18242
1 23506
3 20679
2 15333
5 7620
2 12441
1 4029
1 23574
2 3892
5 27669
5 40
5 15200
2 24194
4
2 2710
2 27217
1 6413
2 28738
1 5196
1 5863
3 9133
2 19739
3 23797
1 28658
1 2781
2 19634
2 18017
5 40
2 22689
2 7646
3 24097
5 5942
5 12923
5 22119
1 19937
2 21657
3 29498
2 24932
1 2928
1 3436
1 2431
1 12403
1 2431
5 21729
