987
1 8861
1 8861
4
1 8861
1 8861
1 8861
5 15174
1 564
1 24231
1 12562
1 9064
1 31051
1 8861
2 15213
1 9064
1 2947
1 75
1 12578
1 12578
1 25944
1 9898
1 25944
1 27447
1 8861
4
1 27447
1 8357
1 28940
4
2 17373
1 31051
1 75
3 757
1 24231
1 8357
1 5188
3 75
1 2373
1 17764
1 24309
1 31558
1 8861
1 3086
1 12865
1 21912
1 31558
1 8773
1 25019
1 26353
1 26693
1 8357
1 14109
4
1 9898
3 75
1 2373
1 14109
1 6441
1 31051
1 31051
1 8623
1 21869
1 4791
1 8357
1 26872
2 8623
1 22974
1 15112
4
1 24740
2 2757
4
3 24231
1 14096
1 24483
4
2 27357
1 21912
1 20429
1 6441
1 5009
1 10355
1 13622
3 24309
1 22974
1 21070
1 18524
1 6018
1 21070
1 1273
1 26935
1 32069
1 15725
1 8468
1 12356
4
1 21070
1 19111
1 28572
1 28940
2 25019
2 15623
2 2373
2 17764
2 3062
2 15933
2 29781
2 5299
2 3185
2 15220
2 21899
2 13419
2 5149
1 28572
4
2 13606
2 8787
2 12926
2 14109
2 25019
2 18717
2 17764
3 18524
2 20080
2 12578
1 20335
2 21777
2 8468
3 14109
2 24111
2 25646
2 3010
2 29136
2 1166
2 28471
2 4400
2 15026
2 25667
2 20772
2 8232
2 18154
4
4
4
2 19612
2 19606
2 21540
2 7107
2 24547
3 6441
1 26840
2 11495
2 27143
2 9474
2 20116
1 18888
2 3402
2 18335
2 30602
2 24882
5 31441
2 14443
5 75
2 30909
2 30788
2 27489
2 20429
2 14932
2 16944
2 19643
1 23125
1 30553
2 26714
2 12517
2 31594
2 30620
2 24178
1 29482
5 11245
5 20229
2 26748
1 18621
2 16044
2 19201
2 8306
1 21070
2 25423
2 6449
2 15112
2 7837
5 31699
2 4944
2 10531
4
2 26362
2 9714
2 19111
2 26574
4
2 32001
4
5 15146
5 75
2 28911
2 10886
4
2 23995
2 6522
2 16006
2 17916
2 29314
2 29972
1 1273
1 147
2 16993
2 657
2 31674
2 21070
2 14369
2 15211
2 24452
3 26840
2 27447
1 2763
2 30795
2 20188
1 13091
2 23970
3 18524
2 10336
3 14109
2 267
2 3250
2 20231
3 19111
2 27360
4
2 20024
5 17323
2 8146
2 1637
2 9349
1 14303
1 8861
2 26718
2 12341
5 75
1 15725
5 4260
1 13214
2 30131
3 15112
2 14650
2 3584
2 20342
4
4
2 5935
1 17313
5 27557
2 855
2 5869
2 32408
5 29961
2 14109
2 13688
2 5624
2 24846
2 28240
1 1429
2 20429
2 13571
2 4567
2 14303
5 75
2 9064
2 10063
2 26156
2 27106
2 5603
2 23293
2 14109
2 24483
4
3 28940
2 21948
2 9507
4
2 20622
2 8251
2 5009
2 9306
2 2327
2 5511
2 13622
2 4147
2 5547
1 13776
1 24025
1 30909
1 15949
1 7076
5 31464
1 3798
1 5191
1 13947
4
4
1 29482
3 14096
1 6018
1 98
1 20591
1 7736
1 14303
1 22878
5 14923
1 28700
1 2947
5 261
1 24231
1 13947
1 12899
2 28071
1 26301
1 28543
1 27484
1 9221
1 28444
1 30553
1 31150
1 23287
4
1 20953
1 27155
2 14096
1 18231
1 30711
4
2 6658
4
1 11697
1 2773
1 28572
1 24657
1 24740
1 8861
1 13135
1 29246
1 9434
1 25482
1 13573
5 75
1 15537
2 9795
1 28261
1 5529
1 24857
1 5713
4
1 75
1 14396
1 28534
1 20633
1 22663
1 2763
1 9925
1 28465
1 8109
2 10054
1 12976
1 12578
1 20238
1 6312
1 24857
1 4329
1 8861
1 18621
1 25314
2 16832
1 18524
1 2059
1 27320
4
1 28227
1 11026
1 25347
1 16190
1 21547
1 4882
1 15351
1 4882
1 25388
3 18231
1 7121
1 24347
1 18307
1 16214
1 29513
1 25347
4
1 4343
1 21121
1 22974
1 25483
1 28572
1 32167
4
1 13465
1 27155
1 14604
1 10910
1 13578
1 6933
1 22195
1 26322
3 11026
1 6933
5 75
1 26763
1 22584
4
1 6243
1 13947
1 7410
3 2947
1 19123
3 5756
1 23125
4
1 6933
1 29513
1 27945
1 939
1 25193
4
3 2773
1 22663
1 29245
3 26322
1 26040
4
1 27464
1 5791
4
1 8623
3 25734
1 18199
4
1 16180
1 18334
1 32237
1 22878
1 12562
2 20262
1 12578
1 51
1 6312
1 12865
1 27155
1 28572
1 4300
5 14976
1 4766
1 27787
3 29246
4
1 15351
2 19654
1 18498
1 11482
1 3274
1 15955
1 26935
1 19192
1 25058
1 28067
1 13904
1 15949
2 24025
1 17929
1 29513
1 29646
1 11046
3 12356
4
1 13181
1 14946
1 8623
1 24347
1 7121
2 6810
1 13463
1 17313
5 21747
5 17463
5 18350
5 31258
1 13399
2 27195
5 30663
2 14232
1 32167
2 32463
1 29482
5 30047
1 7410
1 19111
1 32392
1 21912
5 2216
4
3 25314
3 4329
1 19538
5 2900
5 51
3 24231
2 4766
4
1 28663
2 11650
5 19090
5 31953
4
1 12731
5 19542
3 31558
1 19538
5 27971
1 10482
1 7823
1 5009
5 23498
1 6243
1 13495
5 51
2 1475
4
2 26353
2 23284
1 3138
3 18231
5 16571
3 9061
1 661
2 23984
4
1 29575
5 1766
2 3206
2 19378
2 19489
5 17519
5 28341
2 22120
4
5 19067
5 14116
3 18307
4
2 27494
3 7410
3 16509
3 28890
2 25944
5 20651
1 6926
5 19913
2 8160
5 12126
2 31536
4
5 30633
4
2 12191
2 9509
4
5 51
2 22766
5 2395
2 2059
1 18199
5 13578
1 15240
4
2 147
5 24118
3 8468
5 29479
5 26158
5 51
1 28240
2 26273
1 13294
5 6727
3 29265
2 25483
3 4300
1 26094
5 25850
4
3 21371
4
5 8833
3 25388
1 13767
1 5009
5 18559
3 12026
1 8623
1 22271
5 15937
1 25723
5 17187
1 32237
1 1691
5 9011
2 21061
1 5210
1 31025
2 19373
5 1692
2 23125
5 5275
4
2 29482
4
1 19348
5 1349
2 3114
5 29140
1 5191
2 15258
5 5941
5 51
3 28240
1 28940
5 17476
3 75
1 15840
2 2166
2 25667
1 20216
1 26040
5 51
4
1 24987
1 32237
1 27484
4
1 188
1 26431
3 4699
3 939
2 14537
5 9140
1 31658
2 30594
2 2977
3 13181
5 5392
3 18307
2 22093
5 1633
5 51
2 1110
5 27039
2 12856
1 51
3 31442
3 2373
5 16452
5 27787
4
2 24870
5 14265
1 10013
5 27867
5 13575
5 51
2 19147
4
5 55
2 24509
2 31178
1 14697
5 51
1 25944
1 32044
5 10812
4
3 30818
1 13578
4
1 24045
3 30553
1 14303
1 27484
2 28261
5 3432
5 51
5 30246
1 20149
1 26815
3 28543
1 16141
1 13767
1 12390
2 29513
5 11862
1 13091
5 51
2 21626
5 3996
1 20041
3 12390
1 22490
5 51
5 1557
3 26607
2 28954
5 7771
5 23368
2 13399
1 32033
1 21965
1 23445
3 28572
2 32666
5 25922
2 18158
2 13938
1 21148
2 20735
2 26649
3 7736
3 6441
1 24347
5 2610
1 27484
5 4032
2 661
3 26214
1 29638
5 25545
5 30168
1 1517
1 12578
2 25314
1 23125
5 51
3 32167
5 837
5 16529
5 19927
5 18310
3 16190
4
1 14463
5 30221
5 17261
5 8664
5 18412
2 10013
3 8861
1 24366
5 2078
2 27145
2 8479
5 15560
5 7749
1 28227
1 6302
4
4
2 15675
1 6952
5 51
2 6953
5 51
2 26826
2 31930
5 22258
2 20799
1 12110
2 4343
2 21489
1 20149
4
1 46
2 824
1 28142
5 1906
5 25528
1 11155
1 22020
5 46
5 46
5 728
5 3999
2 18964
1 25314
2 25655
1 6926
5 21578
5 13447
2 30797
5 14633
5 4699
5 4167
5 7674
1 25634
1 1273
2 10590
3 2763
3 4441
4
4
5 16725
2 12653
1 19998
1 19348
2 21723
3 26300
3 2565
5 25293
5 26826
1 18927
1 23905
1 20469
3 9434
5 46
1 272
1 8468
3 14604
1 13154
1 14303
4
5 21523
1 31025
3 1691
5 16178
1 13294
1 30392
2 28349
5 2501
1 19513
1 19650
5 22801
1 24045
1 7754
3 24857
2 2908
5 21264
3 28663
1 24379
1 1429
1 27484
5 19420
5 8172
3 13091
5 27380
5 28644
4
1 14364
3 27945
5 16684
1 19571
5 46
2 12044
4
1 8525
1 1874
2 25634
2 28270
1 28142
2 20068
5 46
1 19783
5 13275
1 20953
5 46
2 20083
1 16180
1 26094
1 12130
4
1 5529
1 4264
3 6441
5 46
5 16730
3 7823
5 14441
4
2 29423
5 31331
5 11940
5 46
5 21104
2 27657
5 31746
1 5368
2 21117
2 28572
3 8525
2 188
1 15293
1 31558
2 21326
1 28393
2 29259
2 236
5 46
1 30751
5 15582
3 14364
1 615
2 19668
3 5529
3 27945
4
5 5576
5 46
5 11146
2 16614
5 19762
4
5 46
2 1115
1 13853
1 5518
1 13039
5 5036
3 14697
5 8766
2 15099
4
5 46
5 46
5 12658
1 19182
5 46
2 18902
2 25279
5 30837
3 25193
1 8861
3 22663
5 8528
1 3102
1 28459
1 769
4
5 11959
5 46
1 2811
3 29739
4
1 26840
5 6827
5 13281
5 12491
5 10491
2 11856
5 26872
2 12456
3 23445
4
2 29516
2 1429
3 5368
5 3879
4
5 17286
5 46
3 28572
4
1 7410
2 19716
4
1 15293
1 5210
1 27648
1 15845
1 7195
