927
1 6
3 11159
1 33
1 92
1 130
1 202
1 192
1 209
1 238
1 342
1 378
1 442
1 517
1 576
1 643
1 738
1 780
1 831
5 18305
3 11857
1 909
1 899
1 947
5 29115
2 8499
1 961
1 1013
1 1118
1 1183
1 1280
1 1353
1 1408
1 1421
3 4964
1 1451
1 1530
1 1525
1 1521
1 1630
1 1654
1 1739
1 1820
1 1833
1 1841
1 1880
1 1951
1 1975
1 2014
1 2073
1 2076
1 2173
5 10850
1 2266
1 2269
1 2292
1 2296
1 2327
5 10771
1 2412
1 2434
1 2456
1 2492
1 2493
4
1 2552
1 2625
1 2698
1 2706
1 2809
3 21460
1 2828
4
4
3 14472
1 2895
1 2988
1 3019
2 7733
2 12749
1 3071
5 23446
1 3084
1 3155
4
1 3158
1 3160
1 3175
1 3196
1 3251
4
1 3314
1 3374
2 22363
1 3415
1 3520
1 3545
4
1 3618
1 3699
3 29495
5 27311
1 3749
5 6212
1 3788
1 3888
5 31350
1 3967
1 3989
1 4007
4
1 4058
5 10614
1 4103
1 4169
1 4259
1 4290
1 4285
3 29311
1 4384
1 4466
1 4493
1 4518
3 6837
1 4592
1 4657
1 4713
3 23567
1 4733
1 4724
5 22530
1 4734
4
1 4807
1 4905
1 4979
1 5037
1 5027
1 5095
1 5118
1 5178
1 5266
1 5357
1 5407
1 5400
1 5453
1 5519
1 5610
2 1672
1 5658
1 5692
2 24742
1 5781
1 5881
1 5947
1 5976
1 5994
1 5989
4
1 6026
1 6046
1 6153
1 6235
3 25684
1 6274
1 6317
1 6342
4
1 6448
2 109
1 6519
5 29615
1 6584
1 6579
1 6669
1 6693
1 6757
1 6843
1 6865
4
1 6872
5 8047
1 6976
2 26711
1 7064
1 7073
1 7159
1 7176
1 7189
1 7260
1 7297
1 7327
1 7326
1 7380
1 7419
4
1 7485
1 7578
1 7600
1 7613
1 7641
1 7746
5 1807
1 7743
1 7824
1 7859
1 7854
1 7864
1 7955
3 7183
1 7991
1 8017
1 8098
1 8096
1 8091
3 28105
3 16252
1 8093
2 11103
1 8161
1 8253
1 8325
4
1 8433
1 8535
1 8575
1 8583
1 8605
1 8689
1 8777
1 8873
4
5 15853
1 8978
1 8978
3 8122
3 1015
2 4126
1 8974
1 8974
5 2322
3 11294
1 8987
1 8991
1 9049
1 9061
1 9100
1 9140
1 9231
1 9240
1 9257
5 4263
1 9250
1 9329
1 9326
1 9332
1 9392
1 9444
1 9491
1 9536
1 9579
1 9652
1 9730
5 24934
1 9775
1 9770
1 9772
1 9884
2 4987
1 9884
5 29390
1 9898
1 9961
1 9986
1 10095
2 7423
4
4
1 10196
1 10187
1 10237
1 10247
1 10309
1 10315
1 10393
1 10487
1 10553
1 10601
1 10703
5 20122
1 10731
1 10773
1 10776
1 10839
3 18962
1 10832
3 20232
1 10849
1 10916
1 10942
1 11001
1 11057
1 11121
1 11164
1 11262
1 11287
1 11395
5 27265
1 11490
1 11532
2 14461
1 11530
1 11543
4
1 11650
1 11660
2 9972
1 11663
1 11744
1 11817
1 11820
1 11857
1 11884
1 11950
1 12022
1 12053
1 12119
1 12120
4
1 12128
1 12194
1 12217
1 12263
1 12345
1 12347
1 12377
1 12459
1 12473
1 12511
1 12547
2 20667
2 2156
1 12558
1 12660
1 12704
1 12726
1 12777
1 12793
1 12879
1 12988
1 13014
1 13092
1 13154
1 13161
2 28997
3 8014
1 13207
4
1 13223
5 10189
1 13244
1 13251
1 13337
1 13402
1 13414
1 13427
1 13440
3 1185
1 13447
1 13463
1 13562
1 13563
5 4785
2 1089
1 13639
1 13687
1 13697
2 3831
1 13721
1 13825
1 13857
5 13249
1 13883
1 13933
1 14005
1 14055
1 14114
5 31764
1 14126
1 14161
1 14166
1 14160
2 2299
1 14171
1 14227
1 14289
1 14329
1 14319
1 14394
1 14416
1 14519
1 14569
1 14639
1 14742
1 14759
3 20137
1 14794
3 32156
1 14844
1 14939
1 15003
4
1 15049
4
1 15083
1 15116
1 15224
1 15285
1 15278
1 15377
1 15441
1 15519
1 15611
2 19416
1 15627
1 15656
4
1 15687
1 15782
1 15827
1 15865
1 15952
5 23150
1 16015
4
1 16109
1 16218
1 16310
1 16345
1 16442
1 16545
1 16572
3 14804
1 16608
1 16717
4
1 16786
4
1 16784
1 16869
1 16937
1 17026
3 20980
3 492
1 17069
1 17109
1 17164
5 27318
4
1 17240
1 17304
1 17359
1 17379
2 16400
4
1 17418
1 17424
1 17479
2 25050
1 17572
1 17653
3 12680
1 17762
1 17775
1 17765
4
1 17822
1 17876
3 5041
5 613
1 17949
1 18003
1 18059
1 18085
1 18097
1 18136
2 7835
3 32096
1 18131
2 4831
1 18174
1 18234
1 18268
1 18267
1 18355
1 18440
1 18445
4
4
1 18461
1 18507
1 18501
1 18602
5 27051
1 18706
1 18748
1 18812
1 18866
1 18891
1 18992
1 19057
4
1 19067
1 19127
1 19207
1 19301
1 19410
1 19433
1 19515
5 26325
1 19508
1 19520
1 19588
1 19583
1 19624
1 19662
1 19705
1 19706
1 19725
1 19780
2 17090
1 19821
1 19873
1 19913
1 19971
1 20075
1 20120
1 20174
1 20167
1 20234
1 20244
1 20287
1 20323
1 20323
1 20390
3 8307
1 20499
1 20508
1 20576
1 20570
1 20616
1 20659
2 24326
1 20758
2 13225
3 8431
1 20804
1 20865
4
1 20907
5 21566
1 20963
1 20982
1 21028
1 21107
1 21191
2 19684
1 21273
1 21340
1 21377
1 21384
4
1 21463
1 21454
1 21515
1 21529
1 21638
1 21719
1 21755
2 20571
1 21826
1 21865
1 21917
1 21938
1 21984
1 22010
1 22050
1 22156
4
1 22209
1 22223
1 22309
1 22396
1 22453
2 964
1 22511
1 22539
1 22531
1 22588
1 22678
1 22761
1 22827
1 22935
1 23024
3 8176
1 23035
3 15042
1 23087
1 23123
1 23175
1 23182
1 23277
1 23310
1 23350
1 23436
1 23467
1 23487
2 32274
1 23532
1 23570
1 23633
1 23728
1 23747
1 23749
1 23752
1 23751
1 23783
1 23797
1 23887
1 23881
5 29594
1 23926
1 23929
1 24003
1 24081
1 24089
1 24106
1 24140
1 24170
1 24201
1 24261
1 24295
1 24321
1 24383
4
2 6866
1 24434
1 24475
1 24467
1 24516
3 97106
2 13774
3 83598
3 90006
5 20816
5 17992
1 24422
5 22984
3 93862
5 9801
3 94384
2 1912
3 81179
3 91061
4
1 5027
3 85402
1 9986
1 24404
3 87662
5 19456
1 24328
3 92019
3 91980
3 87733
3 93097
3 85643
1 24245
5 29212
3 84140
1 24186
3 93802
4
5 11489
3 95336
2 851
3 89437
5 24824
5 21878
2 17535
5 2468
5 10981
3 84829
3 80813
3 93326
5 10760
3 92609
5 28184
1 14639
1 24125
1 24096
5 1037
5 19051
3 87640
3 98255
3 90419
3 88238
3 92199
5 19519
2 14831
3 99183
3 99541
3 81286
5 24210
2 32123
4
3 96553
5 23052
3 89271
3 94210
4
2 4370
3 91737
3 81354
3 80227
1 24035
3 90349
3 90701
3 88601
3 96840
1 23927
3 92548
2 17738
3 90002
5 3302
1 23822
3 98629
3 84331
5 14392
3 95257
3 91529
5 24732
3 89581
2 6119
3 80360
3 93194
3 97368
5 23672
4
3 98346
3 88726
3 97889
3 98792
5 28417
3 98511
3 86576
4
5 756
4
3 80029
4
4
3 89868
3 91566
2 17252
3 99164
2 15261
3 84039
3 95907
3 95765
3 92818
3 98735
1 14569
5 7608
5 1495
5 13721
5 2504
3 94083
4
3 95901
2 23031
3 86900
5 24397
3 89154
1 23762
5 3330
2 3483
5 12515
3 94384
5 30137
1 23770
2 25585
3 91309
3 87919
1 15377
5 5561
3 82428
3 92520
2 5591
1 14289
3 82780
5 19582
3 96767
3 94811
5 18275
5 3295
1 23700
5 11050
3 83961
3 90480
2 10917
3 92847
3 93355
5 2501
3 95049
3 89971
4
3 97428
3 99565
5 17386
5 17944
3 97334
3 82549
5 13954
1 23672
3 85194
3 89134
3 93915
3 90029
4
3 98721
3 86265
3 91733
2 862
1 23662
5 13313
3 97858
3 90263
3 97148
3 98901
5 30237
3 93389
5 24552
5 6441
1 23618
1 9329
3 99330
1 23528
3 98181
3 93711
3 97340
4
3 90737
5 28724
5 30040
2 14068
3 85138
5 27087
5 22757
5 3734
3 82125
3 89898
3 89992
2 25790
5 29
3 87740
3 96007
4
1 23424
3 93398
3 95198
3 87821
3 91665
3 84913
1 20963
3 99979
5 22151
3 93421
3 94604
3 97537
1 23351
5 31063
3 88272
5 16337
3 94864
3 80399
3 95839
4
4
3 93328
3 94399
5 9215
5 2916
2 9043
5 14809
2 20269
2 21790
5 23287
3 95521
3 87711
2 19069
5 27244
5 1741
3 92504
3 87836
2 8697
3 99694
3 89569
3 90708
4
2 22324
5 4267
5 5268
2 30870
5 29840
5 15331
1 12473
3 86488
3 93473
3 87986
2 22792
5 16755
3 98213
5 12176
5 27221
5 14203
3 89185
3 94005
