97
1 11312
1 5325
1 11312
1 11312
1 11312
1 11312
1 5325
2 21001
4
1 5325
2 32705
2 5325
3 11312
2 32600
2 11758
1 19793
2 23505
2 18129
2 577
1 19793
2 15699
2 29193
2 5325
2 31584
2 11203
2 24846
2 18567
2 24021
2 27938
2 10018
1 11032
1 25588
1 11312
1 11312
1 5325
1 11032
3 21522
1 19793
1 25588
1 13106
1 21694
1 31317
1 24101
1 3409
1 8262
3 13106
1 32578
5 9971
1 19793
5 3409
5 3409
2 10794
5 13893
2 13106
1 21197
1 25588
5 6817
1 5325
2 19374
2 2750
1 3663
1 4205
3 27784
1 15991
4
5 14806
4
1 26727
1 11521
5 27005
2 11312
3 21694
1 25588
1 11476
5 6847
1 32491
2 3047
1 3257
1 16266
5 3257
5 3257
1 15118
1 11312
2 5156
1 31531
1 21315
1 5715
1 3257
2 31317
1 2719
2 2033
4
1 17785
3 32491
3 15118
3 8262
3 24101
