7
838
838
0
None
7
1019
0
7
None
1478
None
7
2965
0
None
0
0
None
7
7
7
None
5346
5656
7
None
None
7
None
7
1182
7
0
7
4606
8147
0
8991
7
9064
8407
None
738
None
None
0
11438
0
None
0
7
5656
0
7
None
None
9744
8555
14148
None
14469
None
7
None
7
7
0
None
7
2470
None
7
7
0
7
7
None
0
10811
7
12118
7
7
None
None
7
None
7
2595
0
17675
0
0
7
5829
7
12014
0
7
7
None
7
25505
7
0
8480
7
7
0
None
0
7
7
12014
0
7
12799
16098
7
2070
None
26073
None
7
16612
0
None
7
7
0
None
0
0
0
11946
8555
0
None
0
30204
4031
16612
0
0
0
7
0
29480
0
7
None
7
5743
7044
0
8888
None
0
0
0
0
0
0
7
None
7
0
27869
0
None
7
17987
11198
9671
14469
0
None
0
0
12522
0
None
30204
0
23655
0
0
0
0
11752
0
0
0
0
0
7
20623
0
0
0
0
29385
None
0
0
0
0
26242
0
0
7
0
21804
0
29842
0
0
0
0
0
6470
3514
0
0
0
30204
7
25618
None
None
0
0
0
7
12436
12876
11752
0
0
24330
0
738
0
0
0
0
0
0
0
None
0
0
17016
0
24072
30204
0
0
0
0
30204
0
0
0
0
0
7
22081
7
11091
7
10726
None
15799
0
0
0
0
0
11375
0
0
0
0
0
7
0
12876
0
156
0
0
0
0
None
0
0
7284
0
4125
7
25017
0
None
7044
0
0
25694
22718
24946
0
0
0
None
0
0
28400
None
0
18583
0
0
0
12799
0
0
0
0
0
None
9886
None
1258
11820
4730
0
27539
0
20093
7
None
26317
0
0
30204
None
10496
25118
0
0
0
26242
0
0
None
None
0
None
0
0
7330
None
0
29211
0
0
8888
1153
11646
0
0
0
14373
0
0
None
0
0
30204
0
0
None
0
18312
0
0
None
None
16545
30204
20328
0
0
7044
7
15508
4916
0
0
1153
