2
41 100
4452 3293 3156 4289 1993 4258 4573 4488 3726 4614 4215 2362 4259 3114 1816 3078 4797 3910 4517 4841 2286 4823 2987 4969 4939 1279 4610 4120 4767 4152 2645 898 4471 3521 4324 4445 3859 4278 2078 4773 3995 4757 4539 4738 4114 3340 4876 1619 4109 4608 4864 2817 3954 4848 1462 3022 4795 4250 2896 2810 3396 4345 4281 3157 3626 3204 4852 3355 4844 4123 4167 4996 4479 937 1712 2973 1311 4032 4908 3214 2945 4274 2866 310 476 3158 4778 3578 2477 4045 2500 1998 4693 4991 3617 2804 4200 4737 3000 2805
3128 4161 2766 4254 3325 2748 2539 4047 2656 1401 3877 2562 2697 4800 4242 3590 3577 3731 1296 4293 4149 3748 4156 4046 4564 1767 3775 2423 4180 2860 2623 4625 2555 3431 4710 3690 2255 4783 4754 4879 4440 4775 3090 2664 4692 1695 1279 4745 2931 3386 2465 4650 4950 4066 4738 4798 4517 4708 4510 4648 4763 4559 4194 2526 4783 2804 4176 4767 1635 3040 2106 1657 4237 3819 3739 3623 1835 4950 3952 2912 4394 2967 3442 4861 4664 1899 3495 1621 4218 4605 2690 3388 4040 3107 4817 4696 3651 4090 4347 5000
2021 2738 4745 4839 4750 3102 4181 3653 4691 4732 779 4288 2612 4059 3481 4427 4346 1268 4432 3798 3957 2901 4274 4993 3781 3342 4555 2811 4943 3105 4378 3322 4922 893 4746 3597 4892 4437 2642 4881 4280 1509 4970 4810 4797 3609 4205 3482 4793 4871 4542 3020 4624 4783 4719 2926 4347 4271 4679 4955 4907 4447 4779 3229 4361 2985 4723 3561 2476 2807 3992 4932 3234 1424 4474 4663 4576 3340 4440 3879 4200 3661 3371 4579 2187 3445 3602 2716 1053 2167 4814 2966 4764 4498 4723 1997 4668 1997 4021 189
2906 4824 3353 2279 3666 4950 668 478 4881 2414 4857 4356 3425 3577 4014 2037 3814 4997 4704 2886 4991 3527 4942 4078 4084 3563 473 4987 3980 4894 4297 4343 4278 2179 4993 4313 2827 3491 4274 4450 913 4334 3825 3098 4047 4905 2029 540 4062 2507 4959 2398 3804 2853 3063 4713 2673 3524 4884 3706 3637 4327 4031 4684 4243 2257 1309 3895 4672 3486 1046 4967 4565 2225 3170 1868 3875 4267 1015 3316 3527 3260 1951 4140 2352 4824 1791 3805 4907 2937 2826 4978 4447 1021 2489 3337 4295 4526 4931 2914
3027 124 3380 4616 4138 4902 1327 4949 4735 3454 3149 4132 4165 3602 3362 1952 4661 4605 4709 4645 4038 4996 3880 4630 2719 4948 4869 4964 4454 2909 3315 2657 4349 3692 3112 2657 3293 4707 2610 2138 4701 4344 3651 4979 2560 4286 4205 4947 2682 2564 3255 2928 1653 3709 4784 4566 3717 4181 2156 3696 4825 2940 4611 4427 4927 4275 3125 4131 2457 1029 3907 838 3939 3029 2508 4759 4878 3119 4537 4042 4404 4907 4338 4823 4218 4537 4058 4572 4506 1766 4546 1795 4722 3394 595 4182 2394 2966 4113 1188
3448 4329 4223 3996 4300 2352 4512 4786 4722 4675 4983 2938 4242 4611 1511 3698 4655 2859 2918 3611 3992 1000 3538 3542 4865 4743 1575 4946 3245 1580 2621 3862 2141 3800 4523 4670 1137 4605 4998 4994 2420 3621 4613 4991 4223 4910 1742 2624 4580 4834 3546 2542 4959 2914 4822 4378 4278 3224 4722 4349 4326 2758 4672 4252 3613 1009 1781 2593 2643 3359 4396 2993 4677 1836 4066 4078 2674 2329 2138 4464 4431 4751 4015 4673 2906 4752 2347 4045 4126 4707 4643 4593 2869 4935 3214 3480 4761 3667 4428 4227
4847 3097 4760 3822 4353 4982 3926 4663 2410 4183 2192 2049 3489 2331 4404 2434 4620 2953 4965 4145 4207 3464 3656 4213 2174 4724 3419 3745 4668 4017 4807 4368 3646 1620 4763 4114 3206 4479 3975 3285 4726 4394 3800 4083 4984 4661 3721 4620 3442 2917 3103 4663 4249 3731 4546 1667 893 4907 3466 3570 1869 3764 1508 3261 4674 284 2892 4455 4401 3442 4857 4975 3899 4167 2401 4982 3716 2739 4190 4926 702 4964 4932 3517 4532 4488 4884 4820 4781 3626 4696 4984 4496 3839 3382 4693 4624 4311 4974 1273
4911 2950 4461 4222 3314 3618 3943 4676 1568 4614 3498 4938 4964 4855 3212 4945 3889 3275 4714 3642 1831 4368 4526 4673 4834 4971 4387 4840 3002 4981 4023 4206 4550 4805 4441 3595 4133 1994 1011 4818 2716 1233 2055 2290 3722 3351 4601 4982 3814 3471 4995 4950 4708 2640 1627 4603 4804 4901 3812 3824 5000 4513 4916 3491 2556 4206 1638 4336 3232 4712 1803 4022 2702 3899 4055 2084 4894 4030 2506 2887 3675 2854 4545 2262 3492 3538 4998 4160 2636 348 2832 3764 4135 4164 4447 3969 591 4662 3249 4880
3779 2027 2980 1726 3617 3829 4895 3516 3568 1655 3488 3767 4958 4527 4671 3267 4722 2768 1363 3771 4429 2744 1801 2652 3096 4982 3370 4935 4583 3562 2430 4205 3781 4729 4986 2820 4289 4839 4505 4898 4958 4489 4866 4531 2931 2960 4784 2021 3033 4562 2801 3760 4859 4867 4791 4717 3777 4336 3889 4688 3536 3052 2417 1760 4178 2250 4807 4806 3725 4988 4590 2042 4620 3126 4692 1700 3226 4664 3776 3457 3504 4287 4553 4310 4971 4034 3897 4151 3565 4988 3113 3173 4691 3306 4944 4950 1510 4896 2028 4481
4960 4864 4974 4969 3355 4439 3091 1065 3851 4642 2891 1050 3617 4957 3067 4679 3970 4524 2759 4403 3640 3279 4515 4856 3779 4913 4442 2671 1863 2477 3084 2685 4988 4370 4397 4837 4854 4416 4691 4347 4399 3737 4955 2761 3770 2651 3971 4311 3502 3483 4699 3223 3286 3686 3888 4283 4950 4941 3353 4919 3480 2176 4525 4636 608 4211 3886 4233 4999 2459 2869 3745 4854 4327 2174 3133 2919 3152 4585 1999 4306 4536 4658 4726 4802 3283 4798 1697 4369 1634 4349 2429 4377 3347 4648 4560 2106 4995 2066 3042
4592 2777 4225 4870 3594 4791 1615 4448 3133 3901 3971 4772 4581 3653 3999 1798 2773 2833 3870 4541 2646 2493 4870 3776 4924 2230 4881 4530 4904 2270 4709 4519 1542 3839 2967 4835 3334 3870 4019 4314 4742 4977 2789 1285 3256 4240 4910 3645 4938 2979 4079 4694 4309 2010 4485 3069 3164 3360 4199 2335 4219 4248 4998 4648 4463 4235 3826 4748 2727 4429 4913 2731 2046 3785 1675 4569 4392 2555 3292 4230 3712 3821 4117 4909 2826 4693 4030 3608 4417 3354 4854 4758 4387 4212 882 1167 4035 4108 4705 4718
4546 3539 3590 4777 4925 3455 3665 4689 4248 3189 4924 4656 2750 2546 3606 2628 4137 4889 3623 4730 4636 2596 1455 4914 4661 4899 2024 3562 1537 3777 2537 4928 4298 4827 4829 4049 3486 3713 4609 4948 1835 3314 2954 1908 3357 2371 4118 4505 4974 4830 3850 3355 4264 4541 2879 4463 4922 4663 1866 4687 4381 4577 4872 4720 4751 4740 4948 2342 4837 4673 4507 2854 4374 1650 4475 2368 1282 4842 3161 4690 1604 4613 4404 4946 4949 2774 3996 3615 2600 3859 4879 4455 4648 4295 3988 2196 2278 4450 5000 1897
2505 4567 3879 3580 3661 3511 4536 4572 3590 4513 3030 3368 3257 2507 4435 3010 4616 3235 4089 2895 4062 4950 1878 3377 4940 3895 3219 4882 3366 4200 3576 3856 4623 3517 3132 2832 4808 4984 3001 4973 2467 3208 2599 4700 2286 3496 2271 991 3969 2314 4359 3976 4361 4969 2394 4447 4846 3675 4889 4271 4774 4833 4452 2470 4571 4722 4378 4210 3874 693 3911 4509 3727 3939 2897 3481 4273 185 2939 4549 3600 2671 4990 719 3606 4811 4193 537 4768 4970 2505 3758 2999 4233 3248 4164 4952 3430 3658 841
4266 4846 2266 2729 3010 3498 4451 4377 2888 2672 4924 4422 3094 4633 3310 3517 3892 4657 4745 4672 4133 4667 4269 1728 3368 3919 2964 4121 2758 3637 4315 4203 4721 2726 4103 3736 4897 1328 4954 2858 2792 2797 4493 3407 4977 2486 4869 2481 4488 3029 4495 4590 3912 4058 2480 3639 4981 1767 4733 3495 4317 4019 4601 4684 3494 3640 4449 2546 4613 4677 4528 3653 4524 3191 4002 3603 3759 1614 3211 1190 1874 3960 3836 4326 4479 1297 3955 3109 4567 2291 4850 2473 4620 4033 4486 4652 3055 4282 4936 2013
4729 4506 3546 2767 4582 4491 2639 4888 4985 3295 4788 4879 3923 4682 4110 3426 3217 3401 4183 4829 4928 4665 3417 3969 1001 4614 4695 3499 4162 1962 4173 762 2313 2495 4675 4670 4959 2911 4705 4209 4089 4820 4228 3119 2263 4696 2795 3703 4568 4097 3392 4987 4874 4713 2303 2452 4098 3488 2767 2646 4710 4605 4646 3304 4801 3811 1940 3146 2771 3409 4690 1916 4850 4017 4932 2113 3792 3925 4020 4148 2185 4804 4833 3891 3671 2835 3137 1679 4195 3483 3477 4896 4620 3060 4714 1392 2308 3031 3246 942
3681 3538 1290 2960 3908 3078 4122 4620 4947 4082 3545 4633 4993 4605 2948 4926 2445 3349 4948 2835 4757 3818 4714 4657 4433 345 3480 3237 4304 3886 4358 4431 4064 4299 4463 4710 4882 1515 3764 2511 2959 4281 833 4163 4481 4202 2967 4477 4490 4782 3401 4726 4245 4998 1680 4097 1753 4775 4115 2813 4777 2871 3993 3063 1736 2466 2710 4596 3304 3048 3027 2433 3252 4938 3529 4634 3067 4896 3645 2779 4248 3653 4558 4713 2206 4226 578 2062 2927 4333 4281 4250 4344 561 4707 3603 655 3687 4952 4107
4913 2946 3104 4531 2325 4129 4507 3553 2662 4739 4737 4666 1914 4976 1752 1776 3265 2530 1641 3160 4491 3808 4875 4215 2067 3104 4123 1901 2527 1878 921 4036 4978 4467 3629 3950 2325 4951 3770 2549 3551 1451 3229 4708 3934 2178 1436 1460 4552 3404 2462 4953 3819 4217 3627 3164 3123 2633 2417 4981 4208 2720 1734 3755 3690 3377 3820 3113 2898 4042 1722 3354 4505 4087 3170 4767 4869 4614 1378 3954 3734 4234 2426 1891 4697 4391 3864 4883 2947 1997 3727 4636 4665 3281 4982 4526 4928 4447 4480 2789
3755 3788 1947 3279 3866 4791 3417 2773 4212 4417 4719 1828 4263 3032 934 1903 1825 2663 3759 3797 1814 3951 3128 2915 1659 3788 2980 4522 908 1434 4662 1629 4366 4969 2957 854 4610 3315 2348 4502 4007 4617 3319 3557 4899 4919 4607 4020 4215 4333 1572 3309 4740 1886 4369 3050 2873 4769 4534 4481 4227 3403 1500 4205 4478 4853 3860 3246 3796 4943 3802 4955 4654 4795 4675 4995 4686 4498 4346 4887 2993 3952 4637 4770 2850 4164 4600 4438 3083 4045 4588 1371 4835 4308 4659 4705 4151 3289 3719 909
4705 3536 4386 3472 4199 4986 4266 3105 4755 4855 4533 3875 3597 4731 3573 4690 1225 4429 638 4827 3442 3280 3757 1643 4242 2414 3649 4979 4275 4413 3600 1900 3527 4589 3062 947 3881 3223 4825 3152 3218 4974 1285 4024 2647 1608 4572 2521 4450 4926 1723 1932 4814 4110 2219 3104 4725 3253 4735 4649 4217 4231 4895 4813 4277 987 4819 4809 4779 4456 4813 2185 4897 203 692 3885 3884 4239 4236 4917 2454 4975 4746 2587 3365 3033 4781 3504 4847 4876 4892 3719 972 3200 3787 3982 4830 4841 4787 4474
4908 4721 3305 3963 3776 4904 4380 4612 4913 3090 3534 4435 4057 3105 3636 4338 1694 4419 4011 3792 4679 4126 659 3107 4257 4432 4279 3245 4850 1764 3043 3294 3012 3167 4020 3162 3575 2567 3186 2155 4912 2945 3797 4493 3867 2944 4881 4122 4554 4549 3568 3174 4145 4977 794 2785 3372 4312 1951 4927 4146 3537 4759 4528 4973 3953 3360 4264 4970 3421 4459 4658 4201 2024 3814 4387 2380 3473 3067 3917 1557 4139 4836 3801 4806 1039 4682 4785 3682 2895 4947 2415 4376 3802 4290 4130 4768 4994 4490 2348
4627 4954 3709 3708 3386 3955 3169 4337 4844 3871 4307 2658 4741 3506 4640 3852 2527 4922 3289 2909 4561 4334 4654 4730 3986 3280 4435 3715 4971 1973 3289 3346 4561 4802 3705 1767 4225 4488 4869 4807 951 4031 4722 3889 2224 4786 4970 3860 4912 4854 1733 3564 4552 3825 4424 1187 4882 4213 4793 3873 2332 2622 4692 4838 2033 4625 4660 4798 4687 3993 580 3103 4996 3377 2336 3561 1978 4193 3541 3780 4902 4998 3087 2057 4777 2707 4443 3923 4993 2443 1233 1535 3319 3463 2107 4745 2826 4973 979 2542
2687 3019 1712 4369 2550 3208 3138 4532 3748 4996 2649 4043 4715 4572 2225 4341 3697 1465 3059 4447 4575 2120 4489 4627 4764 2203 4977 2965 2835 2128 4904 2880 4694 4903 4944 1802 1155 1485 3057 3944 4491 3028 3618 4841 4431 4919 3294 3511 3855 4662 4242 4566 4590 4831 4672 4662 4355 3772 3448 2197 4436 4973 4901 4444 4205 1276 2196 4799 4847 4925 1858 4995 3543 1446 4579 4835 4657 1914 4427 1856 4246 3957 4982 1685 4483 3126 4467 3601 4998 4725 4990 4306 4932 4816 4858 1059 3087 3503 4032 3518
3799 4520 4364 2003 4316 1096 4321 3965 4686 3838 4205 4698 4568 3958 3164 4195 4990 4161 4515 4993 2401 4646 3448 1790 3281 3900 3798 4925 1872 3594 2404 4466 3621 1084 1445 3809 3694 4283 4909 3456 4680 1208 4692 4442 4027 4721 2648 4985 3736 2857 4617 2847 4905 2773 4375 3404 4099 4113 3409 2832 4686 3130 4957 4815 4053 2567 2374 1819 2536 3731 4691 4648 3421 3447 3643 4891 3734 3909 1015 2485 2952 2806 3485 2305 3183 4832 4135 4991 3804 4300 3273 4722 4379 2992 4000 4805 4219 2594 4839 3308
4647 3056 4406 4175 2473 4761 3320 4176 4758 3276 1951 4678 4805 3114 1705 4656 4001 3828 2352 4814 5000 3293 2991 4470 4934 4415 4631 4895 2192 4207 3762 4420 4775 2430 3140 4334 3118 4325 3025 2430 4849 3017 4583 3227 3622 2045 4552 4299 1429 2004 2442 4019 4838 3555 2430 4847 4514 4132 467 1734 3466 4778 4835 257 4495 4265 4124 4329 3478 2978 3322 4853 4861 3692 2217 3771 3359 1293 4508 4206 632 4924 4424 4011 1631 4518 3900 4007 4086 4953 4943 4999 4733 4957 4083 3858 4929 4867 4656 4940
3531 2937 3761 2567 4770 4427 4726 1437 4993 4280 4942 4955 4806 4966 3791 1042 3956 2753 4729 3521 2837 2413 4411 4318 4536 4755 4628 3111 3120 3337 3941 3359 3937 4720 2483 2854 2858 4450 4908 4791 1294 4888 4662 4841 3673 2067 4706 2212 4728 4957 3398 1986 4303 3567 4956 1398 1419 1538 4174 4597 4381 4687 1379 2453 4201 2377 2206 812 1008 3104 2319 3750 4422 3993 3388 2986 4894 3995 2729 3876 4997 4511 4833 3351 4846 3154 4317 4972 3257 4933 3613 2945 3770 4965 4958 3900 4684 2745 3517 4714
3783 2883 4767 4608 3588 3062 4978 4984 2927 4068 3148 4869 4751 4477 3875 1687 2780 3732 4184 4670 4948 4109 2061 4699 4061 2294 4769 3333 4835 3028 3925 1391 2396 3320 3294 857 3539 2602 1672 3621 4559 4876 3832 3647 4947 4370 4873 4022 2985 3944 4191 3980 3464 4677 4029 4993 4996 1758 4030 4244 3562 3816 3770 1292 4661 621 3411 1935 4969 2655 4746 4056 2339 1096 4176 4983 560 4590 3523 1494 4579 2977 4317 3682 4503 4880 4218 3150 4781 4909 4860 4791 4752 4009 4104 3778 3308 3865 2623 4972
3347 4829 4475 2414 1802 3721 2107 4671 2974 4248 4137 4754 3575 3892 3329 3623 3959 1644 2778 4859 767 4591 4914 4138 1078 4988 2663 2359 3308 4959 2682 4769 4976 4215 912 4973 2771 3775 980 2829 2784 4659 4015 4983 3324 4387 4117 4907 4091 3524 4134 4323 5000 4529 4506 3540 1571 4928 4048 4628 4743 1701 2096 4309 4733 4778 2257 4083 3598 4911 4595 3771 3884 2638 3253 4124 3463 4056 3799 3902 2994 4479 4956 4720 3516 2180 821 2063 3568 4733 4837 2825 4750 3457 4626 4996 3202 4522 4644 3969
4138 4508 4919 4938 4196 3123 2861 4969 3839 4457 2253 4211 4551 1785 4874 4985 4359 4873 4694 4630 4338 1176 1261 4232 3686 2628 2351 4886 3600 4922 3966 4085 4295 2393 4927 4713 4530 4637 2299 4855 3683 3055 1863 4813 3929 2670 2815 2743 4504 1550 4580 4650 4362 3474 4741 4126 4276 4521 2359 4403 4524 3776 3337 3527 4512 4927 2898 551 3016 4463 3036 1421 4093 4968 4783 1206 4863 3275 2900 4608 2814 2891 4111 3829 4007 4327 3907 3484 4974 3681 4994 4928 3278 4144 4334 2280 4419 2933 2517 1028
4825 2234 4521 4128 4640 3497 4828 4919 4833 3494 2658 2280 3501 3034 2257 4031 3645 4617 2138 3684 4976 4966 2224 5000 3085 4363 3187 2357 3338 4861 3453 4956 1072 4373 4594 4976 2277 3015 2064 4659 4832 4909 4542 3701 2913 4955 3733 1193 407 2048 2324 2808 3976 3203 4979 4492 579 4924 1877 1848 2921 3182 3854 3847 3762 2348 4074 770 1449 4553 4402 4316 3344 4157 178 2135 4329 3913 4200 3611 4934 4542 4884 4945 4754 4250 4313 3984 3112 4992 4709 1670 2672 4997 4551 1827 2242 2059 4776 4772
1808 4965 4897 2532 4566 4998 2382 2753 3275 1258 4387 2475 3877 4005 4680 4495 4849 3659 3126 3244 2416 2845 3181 4019 3240 2979 1926 773 4760 4918 4906 3384 2334 817 4804 2213 1701 3263 4182 3535 4571 4377 1658 3027 3827 4111 1944 4744 3957 4895 4874 4591 4126 4962 3220 3243 4623 4778 4919 2131 3708 3000 2508 3961 2240 3809 3000 3531 3905 4536 3984 2056 4170 4844 2929 4811 4967 4029 3699 4732 4089 2927 3813 3554 4515 4069 4797 4902 4959 4936 3550 4904 4881 4862 3419 3275 4892 2522 4728 3410
1402 3906 4442 4413 1903 1489 4559 3012 3615 3349 3948 4846 4812 3286 4236 4202 4187 2601 4987 1946 3288 4989 4906 4994 3052 3361 2486 3757 3502 4984 1486 4990 4849 3954 871 4764 4695 4325 3762 4556 3296 4916 4643 4431 4784 4294 1236 2296 3355 4608 3152 4647 4332 4700 3546 4594 4521 4944 1608 4165 3880 4522 4449 4983 4547 3357 4932 4661 4604 3635 2195 3578 2439 3566 4114 1333 3279 4013 837 4226 3507 1920 3350 4971 4326 4080 4669 3070 4784 4456 2680 3767 2352 4723 3602 2309 4970 4446 2216 4359
3235 2925 4564 3673 4704 4323 3053 4118 4551 4910 4465 3403 4647 4690 4302 4473 4464 3420 2166 3123 4546 4741 4878 3038 4219 3593 2767 3246 2101 4624 3666 1798 4988 4244 3905 4086 3452 2187 1634 2638 4817 4148 3869 4784 2447 4121 3834 559 4081 304 3998 4845 4834 3184 4700 4503 3894 4282 1442 2446 235 4579 4930 3631 2117 4052 4964 2868 3343 3303 4676 4158 1041 606 2581 4260 2174 4548 2197 4128 4997 4400 4604 4585 4782 3900 593 4157 4791 3351 3941 4964 4452 4922 2532 3738 4791 4177 4963 4592
4774 4894 4695 4785 4830 3689 3410 4861 2133 4433 3510 4368 3977 4055 2075 4622 4724 2424 3466 2042 3888 4485 4974 3524 3328 3162 4145 3810 4141 2280 559 4519 3485 2709 1589 4875 2450 4134 3342 4241 4200 4962 3218 1636 2604 4739 1340 4360 4779 3478 1671 4965 2239 4994 4250 2052 4547 2471 3012 4233 2746 4242 3628 4384 4256 2411 1523 4789 4995 1221 2475 4899 2052 3016 4184 4831 4171 3631 2050 1365 3016 1270 2030 4819 4644 2536 4375 2987 4609 4585 4580 4278 4462 4403 4154 821 2633 4874 4034 3046
4993 3862 2143 2811 4023 4796 2967 4458 3493 4268 2040 2459 4114 4791 3978 4038 4943 2481 3571 4913 1577 1478 4118 2291 4182 4151 1678 4345 2502 3876 3683 1399 2569 2466 4087 4435 4976 4079 3739 3438 4611 1296 3950 4667 2088 4761 4886 4834 1260 2501 2961 4849 4604 4551 4108 4599 3958 4691 4769 2629 3071 4626 2790 4269 3866 3512 828 4971 3316 3670 4296 4924 2262 3331 3896 3027 4452 4139 4859 2756 4990 4789 3624 4265 4446 3997 4309 3287 701 4244 4535 3685 3742 3726 3731 2878 4485 4698 4689 3873
3909 4955 1291 4811 4772 4598 4626 2188 4896 4096 2154 4580 4536 3588 4339 4831 4201 2390 4550 4179 2605 1988 4406 4910 2563 3979 4531 3890 4582 2515 1672 3408 4892 4956 4930 3649 3025 2756 1306 2447 3940 4421 4945 3142 3961 1445 4883 2872 3454 4291 3085 4741 4031 4818 4681 2117 4713 4688 3549 802 3707 4757 3553 4837 4983 3920 3219 4160 3233 3621 4468 4994 4896 4435 4976 4713 4410 3659 4605 4773 3208 4930 2245 2700 4554 3414 3397 1934 4105 3075 4825 4629 4409 2448 2623 4687 1195 1196 3047 3151
3198 4403 4683 4081 4001 3775 4313 4304 1474 3185 4295 3680 3596 636 1832 4327 1608 2946 2858 4419 4788 4760 4759 4908 3760 4947 4122 4634 4904 4948 3165 3646 4343 1836 4754 4685 1168 4995 4989 4766 3118 2372 4736 4554 4342 4952 3316 1767 1026 3085 2482 4997 4387 4180 4478 2151 3738 3729 2725 3719 4993 4122 3158 4607 2878 1933 4678 3430 1583 1389 4039 3522 3652 3550 2800 4598 4380 4303 192 2151 4613 2956 3948 4223 802 3791 2868 4372 4173 3887 2631 4237 4105 2105 4775 4954 3657 4361 3942 988
3488 2891 4967 3831 2788 4519 3398 5000 4615 2605 4832 2314 2153 3922 2376 4899 4160 4514 4794 4155 4438 4459 4607 4010 3496 4647 2007 4837 4937 3748 3566 1029 4718 4355 4068 1519 2588 3077 4784 4413 4440 3027 4159 1712 4274 4761 3436 3608 3805 854 1681 4956 1038 898 4918 3887 3749 619 2328 4038 2035 4015 3879 3845 4902 4893 4993 4635 4918 2016 3849 3846 3964 3750 3843 2102 4578 945 669 3630 2895 4724 4552 4834 4628 891 4775 4653 3999 2609 4510 4663 4754 4925 3873 3861 4628 4292 4871 4753
233 4647 4743 4989 3243 4500 3725 2023 2541 3956 3611 4954 3339 3660 4192 4900 1755 1856 4098 3692 4995 4221 4428 4779 4967 2146 3194 4513 3436 4874 4030 4617 4209 3714 4266 3573 4517 3224 4833 4355 4892 3184 4766 3180 4827 4579 2139 4027 2858 4764 2861 4262 4656 4826 1165 4786 4902 1531 4469 4992 2644 2264 575 3805 4041 4808 3557 593 4940 4997 3850 927 4071 3930 4931 3854 3935 4987 3791 4830 2321 4400 3707 2317 4698 4366 4474 1690 4736 1874 4579 3884 2380 2657 3631 4131 4991 4878 3195 4326
2503 3307 4610 2748 4218 4851 4840 1978 3378 3081 4506 4277 3842 4752 2614 2563 3050 4558 1664 4149 3205 4249 1834 3365 4957 4170 4906 4856 4440 4916 4997 3949 4981 2663 3674 2941 3484 4929 1994 2891 4698 1260 3358 2759 3912 4477 4288 4838 3705 4909 2290 3140 1427 4823 4719 4922 4464 2626 4465 2668 4890 824 4663 4246 3126 2827 3935 1474 4755 3523 3723 3129 4050 3265 4974 3709 3984 1852 3209 2362 2765 3732 4257 2527 4621 856 2572 3971 4989 2682 3942 4445 4504 2593 4903 4682 1958 3078 1001 3821
4244 3677 3956 3557 4726 3638 4996 3090 3387 4774 3536 4500 2633 4402 3776 3024 4226 3203 3187 3356 4910 1464 4100 3369 4079 3974 4876 4139 4688 4340 1524 1201 3008 4437 4283 4954 2296 2947 1349 3596 4995 3467 4405 3155 3922 4654 2307 3541 4497 4432 4237 4679 4657 4896 4247 4880 4541 3002 4597 1909 4479 4019 4991 3739 2592 4938 4699 4570 4415 4335 4974 4438 1548 2447 3203 1523 2122 3322 4667 2257 2286 4184 2859 3602 3768 4298 3922 3402 3549 4896 4791 4105 4435 4257 2323 3947 4548 4681 4075 3053
2849 3596 1374 3011 4939 3349 4665 2282 4823 4567 4892 2173 3976 4644 3615 2781 2958 4616 1080 4676 4418 1741 3220 1313 3992 1836 1928 2120 4557 4329 245 968 2921 4474 2372 4721 3771 1981 4616 3987 4969 1771 1891 3855 1560 4172 3339 4749 2276 4388 2237 4025 4824 4966 3642 4852 4981 3145 4707 1067 4548 4783 4896 4935 3878 3423 2648 2421 4530 4798 4387 3775 4746 3917 4780 2376 4565 2573 4796 4267 1522 3389 4061 4672 3358 4593 2834 4203 4019 4690 4868 4782 4849 4880 4983 3870 4193 2683 3921 4259
50 96
3592 4888 4814 4123 4650 1503 4924 3481 4218 1375 4985 3776 3996 2719 2912 4482 2188 3713 4461 2397 3636 3517 4864 3605 2582 4540 4914 4416 3882 4953 3969 4743 4000 3179 4261 1620 2352 1536 2660 4306 3935 3067 4881 3247 4970 4998 1777 4859 4044 4391 4907 4995 5000 4546 594 3250 4170 4800 4194 3003 4710 1391 4353 2222 3868 3089 1580 3842 2862 4949 4001 3050 4846 2840 4286 4924 3252 4839 4311 1634 1530 2605 4307 3906 4128 3883 3690 4170 3674 4718 3358 4189 4538 3389 2455 2345
1149 2359 1584 2646 3779 4257 3787 3552 3400 4108 4209 3619 4724 1831 2986 4550 4654 4897 1103 2117 2536 3797 1862 4444 2967 4972 4200 2505 1298 4084 1693 4885 4959 2111 4215 2876 4963 4672 4900 3487 4730 4944 4542 3428 3433 4727 4532 2352 840 4681 4272 3148 3016 4923 3865 3435 4857 4993 4010 1799 4916 3537 3428 4816 2565 4559 2117 4202 4120 4373 3004 4578 3401 4101 4716 4972 2087 2988 3742 4735 2891 4779 4229 3066 4227 4192 4678 3296 831 1220 4112 4477 4940 4768 3696 3134
3109 2438 3213 3003 3982 2469 4191 81 3785 4848 4004 3048 4945 4590 1886 3463 2558 3047 3981 3229 3531 2109 4535 4867 4511 4609 4303 3062 1075 3885 4935 2845 3948 4721 4992 4036 3739 4998 4435 4886 3491 3219 2798 2718 4793 4951 4065 3489 4830 4982 3516 4269 4237 4506 1505 4095 1703 4535 4573 4704 4986 4785 4647 4630 4150 630 3521 2936 4992 1796 1399 4944 4657 4646 4980 4473 4773 4356 4095 3402 3282 4430 1541 1739 2936 4789 3052 1712 4653 1066 4979 1877 3970 2168 2167 2532
4632 3786 3435 2002 4354 2958 4663 4538 3905 3577 4447 4237 3408 3267 2268 4850 4956 4534 1966 2192 3626 4343 3915 2902 4610 1498 4239 3786 3029 2332 4759 1068 4142 4010 3578 2463 3987 1670 4620 4995 1631 3324 3509 3972 4024 3189 3249 1486 4180 1786 4288 4123 4454 2736 3948 4169 790 4597 4491 2719 4879 4694 2031 4256 4419 3416 2827 4257 2138 3454 3614 4469 4218 4064 4753 4949 4756 4491 3235 4292 4242 4596 2203 2300 955 4959 3198 3296 4320 3063 3360 4135 4309 3526 3843 3677
2473 2303 4886 3604 2160 3589 1806 4337 2604 4243 1033 2861 4926 4577 4987 2331 2208 4855 4152 1054 4807 4841 2961 4499 2842 2358 3011 4881 3243 1730 4898 2616 2337 2516 4915 3815 4714 3538 2481 4996 4494 3165 4428 4908 3548 4233 4992 3854 1634 4917 3012 2758 2837 3223 1559 3525 176 2014 4856 2774 3814 3990 2991 3141 4891 571 1646 4903 4917 4508 4949 4003 2332 468 3711 4840 3520 2544 4145 4302 3694 4224 3688 3878 2016 3929 4696 4955 251 4020 3260 3030 4171 3314 4932 1979
934 3976 4674 4535 4993 4803 4378 4352 4011 3877 4462 3964 3996 4430 4440 4341 4176 4614 2452 4011 3313 4503 2419 4963 1625 3511 4958 2403 1752 4725 4008 3024 1448 3308 4005 2695 1739 4318 3552 4477 4399 4930 4998 4941 4651 3786 2293 2618 3908 3646 3919 3681 4995 2434 3285 4375 3939 3966 686 3764 4826 4525 4581 3701 4284 4615 3786 2740 3364 2237 4827 4523 2228 4974 4029 1719 4139 4519 1076 2386 4908 4957 4262 4872 1345 4358 4753 4826 3612 4751 4596 4189 3965 4279 3221 2216
2458 4182 4266 4765 2546 3261 4359 2271 4969 4496 4188 3398 3179 2751 4262 4555 2780 4735 4664 4192 2406 4151 1538 3511 4964 4701 4284 4363 4327 2786 4230 4742 4711 2933 1834 3763 987 4840 4399 4679 3021 3995 4663 3037 4441 4534 3896 4925 3390 3563 4414 1333 4361 3342 3740 4350 4972 4810 4840 4154 4063 3179 4347 4451 4042 4665 4172 2487 2400 4075 4216 3275 4813 3023 3530 4629 3160 3657 3937 4579 4838 3761 4297 4413 2470 2486 938 4036 4873 4782 3972 4963 1433 4506 3380 779
1929 2419 952 3167 1967 4875 1370 4715 4880 4437 3636 995 2637 3553 958 4109 4990 4762 1567 4794 4430 3434 4519 3035 4488 3811 3694 4259 4953 2207 4762 3316 4851 4969 4656 4315 1293 4189 2134 4756 1293 4086 3029 3072 3548 4674 3940 4596 1709 2117 2006 3187 1318 1596 4677 4697 4073 4248 4137 3192 4994 2940 3702 3007 2188 3746 4257 3094 4624 2153 4584 1390 2259 3000 3707 4262 2978 4533 4937 1587 4967 3634 1885 3425 4979 4464 1946 3723 4855 3169 3641 4398 1154 4697 3962 3442
3977 4982 4991 2454 4808 4716 3913 4540 4640 3936 4815 1153 3797 4880 4705 3461 2988 1597 2664 4852 4810 4974 4918 4138 4855 3301 4163 3371 4019 3998 4182 4860 3698 3204 4849 4230 3498 2363 4754 860 4581 4798 3697 3507 4908 4619 2457 3049 4380 4779 4587 4943 4880 4010 4378 3484 2088 3393 1828 4526 312 4551 4837 3067 4093 1186 4333 4712 2932 3172 4069 2252 4051 1592 4725 2720 2135 2343 4374 2571 4191 1454 3317 4434 1989 2727 4984 2489 3961 1570 3969 2261 3370 3430 4366 2142
4718 4154 4950 3237 4629 4545 4876 4500 4714 2812 4943 4825 4974 1407 2232 4444 3726 4255 4774 4902 2122 3182 3861 2855 1118 3308 4901 4900 4028 2146 4983 4810 682 2079 4969 4570 4101 4930 2317 4862 4801 2597 4586 4969 2568 2969 4835 3849 4904 4728 1010 4770 4905 2332 2498 4171 1465 3689 4977 3600 4779 2596 4502 4912 3353 2071 4146 4999 2067 4975 4902 5000 4755 4281 2678 1684 4906 3508 4284 4993 4371 4698 4785 2918 4768 4262 4953 4231 4355 4342 4031 4704 4027 4939 4868 4935
2117 3793 2465 1379 3092 4996 3596 2281 3864 1479 1352 4188 747 4515 4997 1591 3237 4053 4727 2398 2499 1317 2966 4925 3915 4892 3764 3753 1402 2715 4019 3552 4886 4377 622 2159 4987 3099 4781 4931 4968 4660 4666 4756 4884 4729 3672 2528 4880 4914 2358 1962 4986 4473 4105 3639 4670 4345 4611 3449 3689 4872 4420 4961 4900 3904 2948 2567 4876 4904 4567 4851 4201 3242 4240 4953 4067 4149 4814 4277 3924 2360 4389 3245 4503 4906 2343 2319 4772 4381 1703 4395 3665 2638 3093 4640
3738 2668 4365 3202 2640 3907 3777 2673 3543 4714 4057 3887 2564 2298 1436 2681 4452 2574 4198 4033 3179 4972 4983 4923 4218 3349 2597 3529 2268 3338 4674 4780 4142 4877 4769 4180 2243 4784 2358 4501 4931 4740 4637 3924 4851 4666 511 4026 4919 4531 4952 3679 4756 4495 4192 441 4195 4562 3680 4910 1538 4628 3570 3374 2533 4934 3698 4768 4142 1612 2228 4775 4969 3496 4205 2761 2566 4388 1079 4532 3150 1110 3811 4728 2785 2576 3289 4174 4976 2647 4982 4932 4914 4610 4608 3585
4449 4623 2897 2880 4543 2583 4881 2912 4065 3682 4708 4453 1243 4180 4838 2478 2408 2519 3792 4944 3755 4738 4948 4043 4691 2670 1296 4119 1528 1023 4828 4996 4837 4028 4930 2521 3063 2092 4561 393 4353 4210 2822 3520 4422 3778 4585 1622 4759 4031 4964 2348 4274 3613 3026 4627 4821 3808 2548 4625 4092 2850 1064 4321 3345 553 4235 4677 605 3609 4114 4919 3974 3701 4319 3508 4507 4462 4365 1390 3261 2628 4729 2612 2552 3461 4464 1191 4898 4627 2694 3282 3591 2162 3144 3746
4842 1318 3817 4028 1255 4992 4616 4346 1505 4861 3450 4464 3344 2798 4444 771 4123 4199 4501 3634 4697 4336 2386 3222 4954 4117 4310 4032 4881 3580 3166 1451 3839 4801 2346 4551 1997 3019 4924 2265 4283 4359 3054 4729 3860 2568 2238 4088 3416 4221 2273 2031 2928 2251 3871 2823 3246 4743 4993 4601 4268 4937 3152 3623 2862 3420 4816 3933 4181 3588 2710 3975 4145 3307 2271 4083 4253 2478 2987 3459 4816 3297 4828 4701 4675 4538 4968 4481 3358 2262 4587 2623 3567 2678 2682 1193
3485 3288 2960 4794 3834 4999 4698 4231 4747 4929 3658 4444 4489 2026 2320 5000 661 3454 4483 4278 4094 3147 4913 3694 4519 2465 4697 4812 4924 3429 4587 4657 954 4693 4877 3500 2087 1161 4771 4646 514 4440 4688 1177 4968 2482 4892 2403 4692 2414 4741 4215 4581 4993 3789 1106 4606 2845 3536 4684 4607 3349 4432 4342 4013 4689 4721 2634 3479 4017 5000 4781 5000 4146 4880 4989 3993 4050 1175 4950 3526 4619 2325 3953 4109 3061 4320 4847 4610 2568 4357 944 1557 4838 4271 4432
4153 4973 3385 4895 2873 1317 3285 1503 4246 4859 4351 4379 4404 3646 4955 2777 3858 4204 3413 2270 493 3143 3012 4712 2408 3493 3807 3634 4599 4208 1453 4155 4095 2819 4178 3619 2919 1845 1165 3495 4991 3791 4549 4100 3428 2284 2746 4685 2309 4015 4572 4232 4477 3961 3458 4172 3808 2780 4980 1850 4266 3244 4974 3607 2844 4232 2205 4642 2705 4484 4074 675 2116 801 4805 413 4614 2959 4788 2969 3224 4648 4672 4381 3231 4336 1625 4265 3647 3202 4092 4084 1864 2043 3262 4406
4776 4814 4355 4293 4405 4348 2499 4230 2024 4608 1703 4597 1189 1776 4962 1595 4144 2338 4900 4880 4933 3666 2713 2549 4390 2671 282 3921 4929 4414 3742 4183 4906 3632 4114 2900 4805 4174 4218 4808 4524 3749 1006 4415 4284 4438 3305 1075 4364 4385 4159 1651 3566 4603 3573 3484 2913 4939 4566 4936 4213 4842 4910 3126 2979 1026 3199 4182 2952 4410 4992 4585 3340 1572 4874 288 3956 4390 3157 2632 4893 4553 4707 4682 4923 3312 2985 3661 4912 4630 4032 2057 4935 2680 4124 4858
4456 2815 4657 3692 3294 1490 4556 3405 2434 2437 3691 2437 1764 4883 3971 4008 4022 4476 2010 4675 2870 3800 3782 4584 3301 1568 1132 2569 4295 3239 3788 4748 4829 4431 3317 3321 3068 4345 4555 4966 3765 2376 2806 4773 4137 4724 4289 4898 4976 2707 4987 4027 4305 4492 3320 3109 4436 1527 3966 2219 3631 1505 4651 4691 4533 2030 4388 1212 3493 4791 2450 4947 3649 4886 813 2739 2943 3939 3735 3658 2198 4807 3265 4585 2116 3002 4604 4009 3931 4561 416 4589 4837 4853 2373 2360
4039 4218 4645 4996 4110 3922 3693 4848 3566 3860 4556 1364 3916 2529 2453 4255 3989 1463 4936 4645 4921 3530 4330 3256 3006 3699 1413 4844 4816 1909 3470 3688 4071 4689 2314 2123 4119 3919 4856 3603 3062 3470 1308 4818 4997 3825 4282 4448 3602 1575 1514 4848 3092 3338 3563 2268 1487 1992 2833 3618 4813 4897 3297 3461 4472 4497 4919 484 4847 4450 4851 1270 3434 3450 3092 3249 4617 1925 4366 4421 4525 2753 4620 4602 4576 3616 4247 4423 1907 4689 4935 1088 4950 4470 1650 3573
3737 4437 4656 4093 2880 4240 4845 4554 2815 4974 4861 3915 3005 4741 722 4291 4788 2414 4155 4619 4990 3921 4368 4154 1496 1751 3311 3937 2771 2378 4048 2948 3213 3855 1968 3369 4910 4996 4736 4655 3474 3026 4955 4298 3135 3845 4701 4957 2513 3626 4518 4137 4602 3825 3143 4573 4089 4124 3145 4321 1851 4596 4607 589 1868 4284 2558 3413 4769 4878 4548 1625 1327 3107 4753 2337 4061 4823 3989 3533 4006 4799 3997 3934 4680 3317 3301 3783 4985 4479 2172 4200 2917 4296 4337 3594
2254 4950 3249 1827 4579 2591 4068 4703 3954 4860 3625 4889 3881 2603 2668 3919 4595 4464 4812 2448 4252 2939 4610 1399 4962 1197 3095 4782 3959 4475 2583 4147 3394 3405 2456 3987 2071 3205 4291 4329 4544 3143 4432 3496 2527 4449 3772 2665 4988 768 4857 4376 4943 3796 1131 4236 4310 4504 4394 4978 2669 4476 4942 3533 4890 4803 4773 4796 4936 3173 2868 4695 4709 408 4201 4788 1629 4408 4580 3972 3821 4058 3247 4834 4765 4306 2030 3206 2155 4943 4840 3564 2746 3830 4309 4131
4524 2180 4678 4037 4997 4748 2667 761 4989 2212 3789 2451 3842 4349 463 4552 4677 4964 3595 1848 1085 4998 4675 3858 3592 3431 4718 3799 3814 4415 3897 3116 4760 4752 394 2843 4647 3304 667 4187 3963 4381 2534 3437 1974 2513 4687 4217 4215 4031 4597 3013 3886 3590 4936 3879 4657 4268 2940 2505 3504 4932 3993 4712 1378 3982 4559 4704 693 4792 4822 4152 2918 4684 4661 4527 2921 4197 3839 4959 3263 3846 2694 1438 906 4579 4300 4501 1631 4276 4761 1404 4131 4843 3251 4983
4815 2402 4316 4164 4651 2038 4501 4442 2127 3467 4171 4767 3471 4415 4688 4671 4823 1999 4846 4583 2517 3625 2611 4300 3906 1672 4998 1652 4835 4259 4367 4369 2654 2089 444 4603 4328 3546 3112 4600 4955 2511 3684 3827 4006 4942 3671 1289 4765 4536 1309 3387 1727 4493 4278 3297 4510 4203 2608 4690 3976 1955 4713 3272 3573 3925 3808 3469 4652 1884 4756 3491 1963 4425 1676 1549 4998 4839 4187 4913 3741 4703 3612 3446 3985 4543 1958 2592 4881 3906 1950 4717 3013 3890 1295 4761
3504 1847 4199 2368 4964 915 3146 4746 4509 3765 1381 2874 3396 4493 4522 3599 4840 4815 4100 4534 4450 2754 4688 4810 4664 4924 2904 4249 4184 2331 3680 2580 4203 2085 4683 1697 2972 3716 2990 4625 2695 2962 4421 4313 4640 4751 3677 4044 4325 2913 4783 3353 1370 2066 2105 4200 4150 3202 3961 2486 3476 4924 4901 3389 4885 1597 3981 3072 4057 1481 3621 3902 4920 2402 2670 3507 4170 4876 1731 4904 2924 4557 3230 4463 4461 4291 2756 3817 1148 3655 4956 4542 3625 2753 4682 3955
4596 3030 3762 2860 2217 4305 3657 3953 4779 4117 2743 2153 4654 2629 4671 4972 3235 3402 1875 4720 4917 2407 4741 4859 2926 4719 3449 2139 2249 2806 3964 4950 4580 4632 4367 4619 4994 3415 3423 2802 3118 2299 4926 4323 2337 3751 4380 4477 4709 3249 3470 3796 3803 4605 4952 3462 4909 3107 4220 4805 2992 3025 4739 4017 4009 4506 1831 4038 2249 4648 1664 4831 4850 4684 3742 3927 4920 4561 3120 2816 1973 2952 3222 4302 4300 3592 2826 3854 1181 4671 4635 4813 3738 3774 1343 4368
4970 2744 3666 4619 4084 4975 4028 4698 4590 4388 3951 4601 4142 3610 517 4710 4929 4658 3872 441 4984 1668 2111 3525 1360 4538 4751 4996 1881 3932 2449 4888 1920 4787 2627 4064 4326 4820 2292 2446 3548 941 3586 4845 2771 3855 4922 4892 3271 4150 4702 4096 988 2266 4871 4654 4663 4131 4913 4378 2748 3196 3612 3246 4604 3254 3875 4273 4677 4208 3846 4763 2837 4610 4705 1714 4168 2865 3576 4511 4106 3888 2554 1630 2338 2794 4999 3411 4841 4979 4643 4749 4842 4950 2590 4696
3594 4014 4985 3963 2841 4631 4850 4193 2371 4354 3254 4813 3617 3898 4847 4973 1981 4643 3686 2936 2430 3787 4105 2446 3636 4586 1695 4289 4183 1633 3278 2753 4204 1869 4558 4660 3508 4666 3191 620 4344 4544 2806 3541 2223 1228 4990 3524 3475 992 2062 4778 4304 4842 4610 2758 4447 4994 3752 3242 4419 4517 4472 4364 2497 3923 4633 3939 4462 4727 1484 4644 3866 3867 4772 341 3559 4595 4883 4875 3605 4817 3298 1651 1892 4021 4302 2250 3521 3005 2202 2581 4591 2292 1719 4882
4440 4238 1184 2590 4183 4456 4423 4631 4896 3563 4397 3511 2184 4686 4476 4234 4139 2445 3857 3683 4760 2901 4762 4621 3197 4745 3030 4300 1345 4990 2782 2173 4867 3114 4787 3918 3931 4551 4316 4880 4884 4962 1929 4739 2442 1692 2835 2049 4401 3853 4411 3773 4841 4949 4720 1607 1385 1856 3712 4296 3818 2222 4850 2184 3038 2512 2083 4448 4408 3789 3835 4824 4875 4642 3049 4781 4996 3558 3081 2227 4941 3637 2600 671 4218 2173 3549 4822 4403 1125 4970 2768 4692 4086 3973 1691
4209 3879 537 3051 4789 4378 2655 1962 3613 3750 2298 4229 2483 2202 4862 4909 3955 4147 3809 4369 3096 4283 4231 4446 2265 3783 4656 4500 3549 2536 3904 4431 3850 2964 3442 4118 4082 4833 4294 2252 4939 4518 4588 1757 4871 2892 4701 1680 4948 3597 2997 4877 4255 1568 4249 3605 2166 2817 4802 1133 4337 4998 4472 2556 4995 651 4886 1871 4106 4364 4629 4852 4032 2108 531 4989 4929 4686 4835 2978 4221 3170 4968 3944 2849 3491 2871 4818 4882 2847 4483 2976 4780 4976 4086 3556
2651 2662 4865 3446 3531 3682 4192 4244 4989 1753 4241 395 2716 4608 3370 4709 359 1427 2061 664 3915 4384 4109 4454 3503 4185 4235 3695 4324 2945 4442 511 4198 3700 4101 4426 4206 1604 3539 4851 4955 2770 3602 4225 3767 4836 4879 4974 3985 4944 4983 3451 3051 4433 3540 1166 1868 1622 4881 1352 4832 1469 3449 4973 3650 4900 3532 3890 2254 2442 4842 2806 4851 3792 4619 4379 4731 4610 3551 4898 2755 3881 4407 4256 1083 3919 1027 3420 4007 2838 4933 4570 1885 4984 3983 3645
2553 3496 2690 3091 4801 3806 3783 3279 4066 1551 3513 1195 2575 4352 4889 4184 4518 3756 4445 3671 2770 4946 3791 4888 1175 4404 3374 4377 4682 3894 366 4646 4873 2597 4898 4145 2896 922 4003 1729 3553 4061 4812 3817 4785 4186 2222 3555 4899 3237 4583 3673 1545 4736 4863 2522 4447 4377 4431 3068 4491 4401 4977 4006 4281 3815 2917 4931 1978 3697 2107 1625 4290 2466 4892 3637 4408 4448 3986 916 1692 4499 4949 4355 1527 3877 4184 3743 4920 4170 529 2744 4181 2958 4506 4983
4357 4442 3350 3102 4854 4859 3174 874 4605 3153 3001 4709 3605 3539 3966 1909 4785 3817 2452 2525 4230 4820 4129 4208 2460 4708 3141 2649 3642 4948 4959 4253 4062 1141 2965 3428 3388 4156 4519 4794 3861 3063 3813 4021 3364 3525 4669 4627 4804 4241 4181 4490 1528 1843 4187 584 4947 4759 3139 4936 4332 4992 4934 4853 4736 4354 3683 2541 4397 4935 2754 1813 2246 2817 4169 4788 4747 4287 3636 4305 4597 4225 4906 4652 4749 3753 2454 4756 2685 4175 3732 2989 4789 2082 4807 4304
2411 2146 2859 2835 4553 2872 3235 4948 4615 3980 2913 3089 3804 3689 4527 4841 2983 4914 3316 3137 4509 4807 4421 4976 4979 2803 4738 3469 3378 3342 3095 1081 746 4440 3113 2720 3935 4955 4439 4815 4430 3067 3912 4911 3651 2809 4973 4863 743 4874 4935 3950 2814 3382 3817 4997 4226 2656 3386 3938 1797 2843 3753 3719 4811 2906 4161 4353 4934 4880 4076 3153 2663 4157 3730 2811 4200 4128 4925 4528 4722 4340 4436 4850 3865 3373 4511 1730 4934 4833 4930 3339 4703 2362 4524 3581
2220 3463 4769 1714 2407 4080 4665 4802 5000 3457 4271 4557 1797 1521 4996 4926 2705 4244 2593 4390 3963 4841 2103 628 3187 2181 4805 4720 2221 2172 1186 4942 4840 4867 1027 4981 3308 4035 4304 4963 4227 3935 4766 3973 4592 3594 3316 3497 4914 3286 4614 4617 3620 2805 848 3968 4555 4802 4728 4964 2683 4877 2185 1280 4876 4334 2928 4608 4568 4790 3959 3648 3636 4879 4985 4253 3352 4954 3312 3051 4510 4470 3521 3657 4069 4807 4109 4676 972 4084 4690 4033 1357 4822 4689 4390
4200 3607 4511 3173 4746 3825 2412 3217 1504 3563 4238 4561 4145 4987 3486 2261 2444 4357 3765 3810 2735 4979 1218 3675 4865 2456 4971 2174 3962 4931 4790 4024 2219 4097 4777 4389 4964 2679 4677 3566 4834 4852 4108 4268 4083 711 2448 3288 4894 4422 2706 3663 4534 4474 2621 3859 2270 4976 2581 3027 1650 4014 3747 3216 4658 2564 4713 4984 4982 3034 4811 3846 3201 2876 2316 4857 4302 3403 2765 3737 2943 3746 657 1500 2588 4940 4957 1837 4276 3443 4999 3694 3753 3732 2879 2609
2245 3258 3903 2763 2836 3248 1650 4947 3563 4062 4469 3975 4876 3068 3622 2853 4707 1901 4208 4124 4698 3275 4437 4298 4770 4007 4267 3346 3703 1980 2586 4776 2840 3146 3688 4437 4905 4913 4998 3992 810 4835 3827 4671 2641 2744 3332 1839 3350 4403 3250 2699 4553 2143 4965 3169 3170 3060 1739 4225 4938 4705 3838 4620 4645 4798 4942 4980 2258 543 2128 2598 3500 4978 1875 4734 2538 1469 3978 3488 3241 4859 4510 4891 3006 3730 3585 3726 4392 2560 4860 4096 4448 2892 1924 3294
4145 753 4712 2541 898 4580 3795 4886 2265 4643 4895 2589 4987 2247 3853 2688 4310 4098 3130 4751 5000 4820 4490 4576 4835 2409 4738 4366 4719 4514 4895 4878 4974 3026 1470 4505 2321 4870 4577 3372 4993 3211 3176 3665 4262 2372 4922 2286 1602 4345 4969 2939 4864 4271 3044 4581 4113 4973 4742 3976 3407 4961 4273 4640 2870 791 2636 1879 4707 3204 3815 2808 4939 4638 4342 4184 4979 4976 4604 4502 4324 4472 1232 4950 4789 1999 2036 3705 4564 4377 4696 3407 4757 4975 3951 4589
3938 4408 4464 4522 4796 3788 4321 4928 3823 2167 4735 3902 4677 4753 4999 1379 4975 4211 3186 4466 2292 3481 2819 4682 4177 4941 3666 2237 3585 3890 4289 864 4687 2087 2294 4053 4384 1904 4595 4595 4129 2826 2230 4017 3015 4612 3813 4044 4908 3589 834 4804 3440 3993 2681 3074 4006 4040 2616 4409 4498 4508 2931 4229 3981 4834 3585 4102 1606 4259 4681 4661 4443 2961 4479 3952 3306 2940 2556 3960 3507 4896 1595 4899 4457 2510 2403 4856 4397 2909 4607 4144 3828 4759 4509 4381
1859 2878 3770 4846 4260 4792 3057 4382 4607 4552 4113 4781 4727 3997 4846 1470 1100 4607 2847 2609 3294 4963 4168 3907 4206 4286 4988 3680 4833 4983 3399 3898 2768 4444 4973 4644 3276 2935 3328 4006 4212 4971 4667 4484 3080 3817 4964 3337 877 2314 4680 3852 3481 2714 4273 4526 4574 4933 4586 4737 4483 4721 3975 3339 1112 2633 3854 4290 4869 3514 4979 4075 3868 4425 4726 3293 3467 1903 4603 3233 1153 3585 4995 4401 4984 4638 3402 4379 1833 4899 1631 4900 4576 4965 4251 2474
2396 4058 3869 3652 4024 4178 3732 4879 488 4796 4244 4130 4038 3982 4179 3053 4392 3913 3795 1685 4231 2759 4355 4133 3893 4448 3642 3188 3470 3481 4433 2212 4410 3361 3320 4512 4551 4733 4574 4907 4040 4412 4581 4990 4975 3726 4926 4924 3276 3484 4602 2264 1750 4243 3604 4532 1421 4697 4357 4853 4667 2145 3543 4633 3054 3828 2891 4557 4437 2616 4687 3323 3769 4475 4565 1785 4932 2490 4975 1391 4762 3344 2755 2722 4937 1873 4429 3797 4357 3287 3605 3195 4986 3984 4455 4242
2462 2078 4859 2996 4138 4799 4976 4811 4613 2021 4777 4945 4036 2448 2457 2781 3697 2500 4990 4915 3835 4868 3692 4498 2600 3614 2655 3410 4303 3820 1391 4998 3740 4600 4769 4295 4080 1940 4276 1029 4446 4677 2001 3130 4991 2611 3612 4393 4341 4536 4221 4951 4682 4154 3440 3639 1462 2194 2928 4996 4009 2319 2957 4200 3089 2762 4876 2077 4547 4413 4552 2827 3213 4382 4421 2861 4512 5000 4863 4872 3850 4999 3889 3321 4949 4687 4388 2041 2159 3180 4962 4541 2188 3440 4943 3672
4772 4009 3198 2126 4294 4347 4811 1392 3293 1942 4275 2882 4656 3904 3083 2273 2687 4813 4678 4728 4211 2693 3758 4384 702 3941 4689 3590 1489 3335 4284 4493 2825 4631 4361 4411 4880 3117 4201 2555 3173 4913 4810 4186 3295 4436 4328 4642 4582 3884 4806 4595 4239 3235 4961 4685 2175 495 4199 4463 4577 1617 4463 2255 4942 4166 4756 3064 3646 4013 3566 1630 720 3678 2609 4242 2219 3188 3479 1236 2899 4614 3433 3658 4362 4790 4954 4547 4829 4920 4955 3380 4879 3808 3976 4206
3633 3092 4963 3074 2935 4984 3951 4500 600 4441 3432 3546 3480 4226 1808 2862 1892 4907 3721 4615 4394 3509 2044 4693 234 3152 4257 3243 4946 3498 4751 3855 1732 3060 4558 2339 2397 2840 4726 2636 4125 4584 3706 2770 4693 4969 4985 4493 4286 3853 2202 3969 4996 4832 4880 1936 4879 1658 1784 3797 4013 4073 3982 4321 4811 2984 4682 2974 2829 4714 4409 4877 4882 3006 4828 4858 4543 4670 2168 4585 4375 3259 4776 3390 4303 2620 4860 1395 4860 4794 4234 3334 1934 4510 4324 4700
4813 4960 4931 3678 4204 3766 3432 4510 4869 2238 4461 1776 4922 3493 4829 2914 4935 1784 2941 2302 2537 4690 1477 4801 4823 4195 4949 4852 3514 2802 2975 1415 4919 4367 3963 4727 3858 4986 3695 4693 4820 3697 4854 4512 3784 4792 3027 4343 2650 2750 3486 4912 3278 4576 4914 1605 2133 4776 2178 1708 2937 3326 3769 4409 2052 3545 4226 1241 4545 1390 3733 4486 3332 3671 2077 2812 1884 3562 1738 3635 4908 3918 1153 4979 3300 3882 4989 4920 4534 4418 2988 2478 903 4093 3751 3955
4472 4985 3697 4384 3922 4974 4475 4919 3601 3603 4946 3446 4999 4957 3640 4927 3966 2091 4348 1783 3914 4254 4971 4899 1331 4918 4740 232 4892 3369 3140 4333 4480 4682 4664 4509 4358 3554 4756 3865 4254 2334 4064 4688 4775 4645 3494 4457 4610 4333 4630 795 4939 4854 4952 4392 727 3091 3524 3894 3522 2468 4874 2657 4928 4332 3261 3521 3495 2792 4834 3572 2341 2384 4798 3560 1515 1790 4655 869 3812 3550 4894 3625 2375 4595 3445 4999 3555 3302 3380 1607 4753 4474 4439 4969
1890 1109 2778 3753 4688 4207 4441 815 2382 4020 4451 4990 4139 3897 3322 4806 3146 4506 4616 4295 4867 4201 2258 4349 4297 4818 3737 4813 3069 2429 4860 3985 4541 2648 4215 3991 4420 4823 1026 4054 3254 2067 4902 1538 4539 1207 3549 4593 3790 3140 3455 2828 1474 4036 1686 989 606 3973 4759 3329 4692 3905 3816 4129 4720 3290 3918 4915 4398 4758 4513 2335 4535 4184 4811 3010 3837 4537 1390 3014 4896 2906 3076 1921 4284 4792 4912 4890 4882 3949 4731 3351 3437 4600 2452 1989
4920 3159 3490 4092 1992 3590 4300 4340 4270 3721 4929 3576 1729 3952 2057 2911 4776 4765 3932 4526 4989 4365 3922 2795 4880 1715 3790 4225 4643 1603 3843 4997 4030 3316 3837 4817 3817 2902 4400 3700 4653 4524 3494 3306 4995 1280 2703 2247 2084 4173 4722 4994 4106 2005 2948 3654 4799 1882 4349 3190 3267 4271 2083 1866 4727 4024 3460 3691 4983 2003 4892 4541 3532 1735 2950 4470 4922 4845 3385 4920 4983 3872 4269 4800 4584 4846 4347 2442 4261 3525 3685 4703 3505 3367 2760 2178
620 4892 4340 4622 2352 2721 4106 2705 2732 4986 2849 2641 2696 3441 2673 3263 4697 4210 4977 4239 4767 4968 4569 3282 1664 4900 4373 2703 3811 3869 4982 4624 4905 2684 3727 4204 4321 4901 4632 2892 4946 892 3510 4052 1767 4745 4129 4368 4244 4180 4850 4976 1201 2420 3413 4997 4487 3905 3678 1628 4752 2824 3384 1940 4841 3731 2849 2683 3923 3266 3119 2948 3761 4737 3174 4803 2946 4913 4484 4762 4696 3487 2500 1767 4996 4820 4845 4812 3459 2885 4868 3633 4819 4742 4366 1175
4975 4765 1771 4789 2338 3593 1946 4994 3565 4796 1901 4386 4024 4429 4678 4044 2895 4629 3917 4445 4172 2985 2768 4299 4157 3658 4798 2868 4345 2930 3376 4895 4061 4612 3678 3130 3354 3131 4898 3792 4978 4955 3941 2712 4840 4831 3380 3171 1274 4820 4463 2323 4269 1211 3787 2135 1448 2321 2622 2532 4623 4073 4426 4081 1931 3645 1277 3407 1151 4955 2442 1709 4811 2347 2624 1542 4789 4088 1779 3974 4518 3490 4663 4071 4080 3485 4159 3700 2873 2566 4696 4943 4425 4378 4374 3319
2226 4308 4657 3226 4146 3292 4597 4647 3377 2393 2301 2150 4535 3779 4485 1872 2252 2518 2254 4724 2453 4469 4862 4927 2626 3131 4998 2422 2212 3780 2446 3930 4314 1558 4031 2202 4225 4482 2386 4088 4954 3597 3986 518 2776 4769 4798 3636 155 4495 3408 4677 4212 4725 2409 4565 3376 3436 4650 4832 2764 4288 4268 3282 4245 4878 4826 4603 3841 4367 4557 5000 4934 4970 1452 3624 4894 3755 4536 4575 2081 4433 4965 3346 4497 1302 4816 4602 3910 4056 2137 2540 4450 1217 3278 4543
