2
47 96
3130 4826 1999 2739 4923 3104 4815 4149 3183 4806 4910 3966 4978 4133 1349 3574 4597 1224 4997 4506 2956 4666 1926 2042 2571 4178 4430 3704 4329 4926 4594 4596 4894 2517 4542 3554 4324 3828 4846 3741 3955 4955 3159 3791 1722 4507 3808 3807 2122 2448 4652 4801 4131 520 4275 2650 4934 2653 476 1844 1773 932 4939 4737 3654 4776 4477 3581 3548 2844 2487 4084 3245 1915 4642 939 890 4704 2858 4886 4376 4532 4184 4427 4965 3197 4144 2130 3390 4993 4255 4717 3391 3413 4811 4700
2311 3984 4299 4790 4423 4716 4695 4802 3206 1941 4424 4309 4868 4961 1376 4732 2030 3094 4851 2177 1259 2493 4967 4992 3707 4325 1678 4647 4925 4706 3402 4230 4322 2107 3599 1290 4618 3394 3967 3811 4062 3616 2518 4488 1886 3799 4166 4602 3553 3731 4249 4314 3707 2708 3801 4670 1001 3526 3994 2889 4985 2290 3572 2894 3985 4928 3789 3621 2073 3894 4528 3773 4420 2615 4030 3905 4933 4520 4548 4921 4360 4951 4234 4246 4743 4705 4194 4453 2840 4816 3753 1769 4598 4428 4615 3465
2003 3589 4390 2632 4787 3402 1781 2781 3386 2424 4166 1846 4999 2679 4737 4333 4976 4645 4546 3940 4217 4763 4796 3472 2691 3403 4786 4238 4979 2798 4400 4793 4658 4188 4784 4120 2243 3583 3976 3748 2504 3797 1602 4121 2555 4505 2944 4875 1416 3485 3532 4656 4447 4992 4722 1008 4090 4446 4098 4658 3249 1587 3383 3691 863 2507 4980 4120 3626 4876 3484 4565 4992 4737 4541 4492 2204 1348 2826 1811 2382 4798 4669 4130 4390 4915 3260 3478 2114 4989 4230 3506 4039 4079 3877 4327
3086 1201 1388 1895 3554 3996 3605 4356 4736 4546 3993 4197 4736 1684 3671 4552 2794 4394 2387 4719 3327 4596 3194 2004 2587 4452 4434 3151 3428 3687 2242 4618 1399 4950 2479 4039 3885 2516 4795 4646 2743 4075 4856 2599 4680 2448 3037 3687 4047 4846 2357 4916 1401 4592 486 2306 4869 4963 4348 4068 3793 2889 4437 4174 2652 3915 3791 4952 3556 4148 3623 4933 3000 4350 2164 3960 3923 4552 4712 1991 1606 1639 2541 2915 4098 4122 3157 2458 4544 4919 4361 4991 4873 3343 4755 3693
4492 3396 4966 4869 3872 2269 2949 4583 3855 4851 4142 990 3867 4728 825 3382 893 4050 2694 1033 4491 4461 4114 698 4325 3923 4179 4118 4896 3712 3701 3285 4727 4536 3061 4351 2650 4276 3452 1357 3972 4860 2848 4085 2984 4891 2378 4908 4383 4300 906 4169 2343 4272 4230 4666 3353 2946 2420 3041 4943 4743 3890 2996 4941 3914 4184 3352 4685 4295 4317 3995 1612 2612 4890 4720 3562 3580 3177 4596 4168 3869 3978 4236 4072 4783 4800 4698 2410 2475 3216 3510 4105 3155 4561 4027
4805 4024 3079 4077 3778 3908 4992 4871 3091 3398 4715 4619 4510 4468 4687 4853 3182 3650 4136 2423 4894 4608 3379 4619 4861 4064 2831 4959 4918 4980 1228 2829 4773 3735 1160 1900 3759 3973 4704 4620 1829 2709 4950 4315 2439 4998 2803 4991 4901 3511 2896 4485 4870 3779 4845 1274 4898 4771 4668 2573 4767 2336 3446 4300 1200 3034 2262 4834 3538 3821 417 4680 4507 4802 4859 4517 1951 626 4854 4387 2346 805 4468 4868 4779 4818 4105 2096 4938 3220 4525 4678 2599 4720 4615 1160
4996 4985 2096 4876 2946 2108 4096 3267 2841 3270 2855 2164 4825 2733 4331 2545 4879 3685 4989 4249 4065 1052 3530 4194 3676 3548 2609 1254 4577 3459 4040 3514 3536 1440 4236 4931 2365 3168 4725 4034 4326 2999 2370 4016 1318 3676 4788 3356 3072 3985 4149 4994 4860 1673 2580 3842 1863 3600 3572 4462 1550 4478 4897 4476 1563 4953 2307 3687 4195 4752 1334 4789 1286 3639 4883 3296 3511 3965 1238 4480 888 3508 3982 4753 2033 2231 4878 1998 4136 3655 3557 1608 3711 2427 4729 4795
1275 4028 4563 4818 2604 4853 294 2917 4697 3144 4912 4956 2929 4540 3755 3689 4695 1032 834 3795 3055 4671 4985 4957 3863 3104 4853 3620 4650 3309 4632 2577 4892 3353 4072 4897 4762 4642 4487 3889 3995 3041 4640 4409 2352 3990 4428 3079 4726 3727 3940 2081 4406 4467 1571 4322 3649 4662 3711 4889 4531 4833 3841 4977 3790 4556 3504 4616 4964 3912 4852 3690 2892 4742 3014 4580 3194 4471 2534 4965 4945 2463 3544 2770 3998 4972 4966 4639 4397 2178 2166 3786 3945 3997 3512 4933
2074 4492 3340 4091 4433 2381 2315 4989 4495 4932 4807 4071 3500 1973 2089 2872 1973 4353 3248 3253 3194 4353 2337 2542 4238 3554 4894 1964 3774 1347 4593 3337 3447 4224 4980 4633 1633 4497 4873 4548 3274 4481 4350 4457 3302 3623 3233 4650 4871 2443 4273 1631 4346 3375 3503 4828 2649 3513 4579 3645 1900 1134 3626 3168 3874 4645 2291 3190 2377 3958 3656 3735 3720 4886 3909 4553 3299 3418 4888 3322 4817 4638 4278 4587 4502 4288 874 4733 4657 3915 3451 4038 4504 4904 4050 3844
4703 3788 2843 4876 4791 4649 2148 2778 3913 961 4905 2893 4307 4492 1944 3676 2478 3533 4968 3617 2144 4026 4032 1838 3722 3262 3440 4424 396 3978 4483 4392 3910 4692 4900 4459 3091 4694 3857 3367 4297 1883 3999 3147 4776 4965 2989 4846 4488 2248 2941 3878 4998 2562 4950 3874 4901 3899 1512 4009 4622 4521 3841 1217 4924 965 2484 4270 4025 4913 4153 3439 2923 4460 4511 2030 4726 4506 3131 2836 4433 5000 3798 4840 4646 4538 4831 2449 4997 4769 4313 4300 4441 4559 4502 4389
1204 1376 4890 3125 4678 2887 3750 2867 1587 3727 4118 2302 3688 3922 1230 4171 4547 3517 2909 4480 4746 3248 4560 4707 3758 4730 4196 4010 4131 4625 3991 4989 3231 4702 4485 4600 3652 4267 4098 4871 4644 2116 4201 4973 2771 2484 4112 1329 4451 4743 4676 4846 4342 4484 4799 2101 2033 3119 2661 3509 2567 4930 3308 1758 2190 2140 4781 4449 3268 4962 4981 4184 2024 3781 4217 4999 3054 4700 4448 2433 4600 4455 1056 1002 4865 1376 2332 4950 4315 4489 4531 3498 2879 4474 3373 4360
3347 4513 4299 671 3254 3137 3454 4817 3809 4527 4939 4990 4527 3343 3344 3185 4885 4149 4805 4892 2694 3451 3286 3988 3339 4074 4706 4672 2698 1219 3070 4123 1733 4182 4334 4295 2419 3956 4655 3047 3563 1778 1621 4931 3323 2648 1340 2444 1490 2719 2612 3781 4608 3143 3792 4761 2334 1618 1807 3982 3137 4546 2344 4779 2658 4859 3671 4117 3582 4952 4303 3741 3316 530 3600 1932 3592 4483 3768 4249 3785 3801 3058 3599 4977 3302 4471 3430 3046 4891 4892 3844 3424 4002 4247 3642
4317 4276 2995 3045 793 4934 4402 2312 4843 4914 3721 4332 2075 2685 4891 4567 4892 4319 4709 2914 4730 4279 4946 3638 4484 4932 2135 2922 2391 4189 4429 4335 4164 4482 3852 2264 2329 3541 4138 3605 3134 4996 4976 4971 3783 4690 2700 998 3145 3223 4804 4841 4391 1629 2838 4358 4782 3543 4899 1907 2429 1919 4794 1729 2377 2971 3948 1987 2682 1997 4211 4879 2904 1004 4813 4907 4549 1345 4997 4374 4751 1320 3896 4227 2848 2231 4892 3421 863 3825 2635 4200 2901 4607 3718 3710
4694 2438 3132 4708 3254 2968 4841 1208 4974 1678 4068 3842 1293 4822 4221 4743 4915 4404 3198 2842 4721 2270 2315 4184 2444 3707 4989 4861 4597 3568 3682 4919 4968 4997 4858 3446 1032 4169 4938 4558 4861 4602 3801 4593 4194 3296 2719 4949 2494 3416 4503 1775 2587 4979 3673 4582 1795 3753 2002 1789 4220 4852 4657 4351 2478 1906 4864 4486 2677 3825 4346 4876 3115 4689 4740 4235 2052 4830 3470 4720 3885 4417 2874 2330 4435 2108 640 4236 4585 3942 3028 3189 2419 3565 4477 3703
3861 4767 4717 3353 4652 3455 3148 2885 4605 4928 3442 2786 4914 4775 4690 2295 4371 1405 4894 4923 4796 2781 4508 4725 4351 3956 3926 453 4995 4392 4724 4137 4318 4699 2875 4977 4253 2417 4216 3630 4864 1485 4218 4548 4043 4665 4373 836 3127 2407 4762 3150 4005 3671 4052 2862 3672 4804 4887 4445 4146 1453 3943 3858 3420 3347 2228 4838 4453 4447 4077 2806 4002 4930 4906 977 3412 3655 2316 4680 3932 4173 3661 3631 4146 2822 3198 3802 4575 4864 4825 1001 3178 4234 4440 4896
4601 3467 4723 3421 4914 3465 4471 1973 4626 2398 4263 4326 3834 847 1558 3914 1401 1124 4986 3408 4749 3632 4659 4883 4567 1942 2280 3307 4561 4554 3485 995 4976 4896 3368 4171 4170 4193 4511 4691 4380 4800 4605 4957 3007 3713 2799 4112 2971 4973 4836 4945 3372 4961 1698 4815 4950 3599 4257 4530 4674 4174 3735 4345 4609 2379 2211 4224 2878 4932 4970 3035 4672 1938 4924 1660 2400 4818 4374 4188 1590 3612 2848 1855 841 3919 3059 3779 3623 4819 4597 4303 3151 3952 4955 4726
4471 2528 4830 1036 1408 2419 2885 2092 3883 4310 3127 3898 4644 4950 4821 2304 4833 4124 3505 4879 2800 1003 4973 2286 4601 4717 3020 4998 4983 4435 400 4693 4810 2056 3055 4400 1004 4546 4868 4586 2898 4454 2553 1529 4604 3340 3772 3505 4660 2853 887 4271 4584 3291 1590 1830 4726 1254 2733 4104 4982 3621 4400 4750 3576 4516 4714 3460 4179 2321 2247 4794 3727 4687 4538 2866 2096 1106 4026 4542 4396 3147 4388 4111 4688 3399 351 4285 3928 4726 4181 4334 4014 2326 4242 4402
1222 2644 3010 2812 1747 4422 4545 2083 4506 4230 2902 3917 3900 3071 4170 2893 1885 1347 1535 4989 4913 4704 1347 4250 1147 3190 3998 4794 1922 861 4703 4395 4313 2393 3617 4754 3934 2219 2871 2713 4979 4437 4307 4817 4483 4152 4029 2973 3493 328 2728 4633 3715 3216 4953 4402 3842 4701 3096 1668 4940 1535 4960 2506 4078 4014 4829 5000 4498 3483 4994 4765 3573 4934 4846 4962 4836 2151 615 4601 3125 3801 4174 4445 3445 4942 4319 4218 2764 1551 3139 4930 4803 2523 3954 4976
2566 4057 4959 2810 3453 4800 4605 3707 2099 2379 3408 4839 4196 4262 3350 4275 4129 4813 825 3852 4478 2724 2077 4183 4989 4832 1020 3161 4740 3212 4568 4516 3935 4344 4544 4741 4991 3416 2429 4335 4112 4468 4941 4421 3802 4511 4597 4852 4875 4187 4838 4881 3661 4913 3111 3660 3145 4820 1640 3505 2205 3741 4629 4915 4806 4910 4904 4807 2116 4990 3876 3997 4173 708 1820 3448 1231 2860 4410 4986 4969 4982 2798 4332 4980 4813 4309 4838 2259 3280 4658 3878 4654 2505 3810 4207
2056 3886 2306 4170 4636 4975 4061 4550 3986 4115 4358 1334 4805 3674 3996 4259 4372 3814 2710 3739 2072 3107 3766 4512 1782 4483 3592 4764 1992 4977 2006 4546 3572 2803 4564 4670 3466 4691 2259 4523 4555 4614 4779 2006 345 4324 3203 4874 195 4216 4679 3748 3939 3933 4365 3173 3465 4729 3204 2681 4990 4751 4313 4862 3029 4781 3661 1874 4768 802 3661 3474 4704 4638 4277 2425 4474 4329 3964 4011 4796 4107 2583 2099 4207 1731 3472 2758 1474 4069 4972 3909 4501 4336 4930 2570
2880 2972 1682 1927 4910 4739 3790 3539 4025 1761 4485 4097 4368 4789 4962 3886 4845 4869 3705 4871 4188 1439 4767 3569 4095 3461 4450 4041 2138 4618 4576 3934 2971 1180 3075 4068 4919 4529 4233 2380 4974 4791 3838 4408 3727 2793 3223 2738 4192 4135 4990 1769 1244 4426 4765 3050 4048 4262 890 2427 3458 4972 2173 4942 3567 4140 2364 4757 4966 3923 4128 4826 3812 4937 4578 4243 1211 4953 4684 1837 4862 4959 3475 4769 2470 3178 1296 4053 4645 4318 4646 4348 4763 3658 2454 4958
3010 4197 4265 4976 3991 3586 4448 4193 3598 2676 2727 1111 4686 4121 3874 3622 4923 4714 2740 3618 4324 4099 4522 2774 4664 1545 2684 4619 2563 2719 4526 3208 4304 2119 4914 3217 4066 3773 2454 2344 2505 4348 2418 3224 2100 3017 2414 4424 4805 4998 4786 2159 4628 4907 4766 1197 3302 3918 3943 3648 4968 4999 2773 3885 4481 2705 3278 3753 3770 3873 3609 2280 2923 4850 2002 4998 4014 4265 2958 4806 4868 3785 4849 4966 4981 3460 2059 4024 1473 2364 4933 4995 4469 4640 4834 4345
4045 2568 3990 3497 3592 4781 3201 2216 4181 4513 4213 4798 4991 4691 2518 3091 3752 3535 3084 4580 2256 4263 4766 3121 1418 4484 4166 4948 4146 4785 3032 4063 3292 4028 4997 3740 4551 4998 1645 1911 4866 4749 4766 4624 3525 4170 2955 4889 2806 4573 2522 4174 3924 4038 4358 4836 4799 3631 4639 4927 3411 2149 1393 4674 4618 4605 4799 1710 4543 2911 3595 4151 4996 4808 2260 4339 4028 4721 4275 2690 4298 3394 4915 4937 1650 4808 3872 717 3326 4753 4375 3984 3940 2188 1274 4317
4365 2018 3701 3638 4644 3138 2666 4221 2342 665 3587 4828 4140 4900 4253 4626 4422 3348 4557 4019 4860 4348 2837 1446 3984 4094 3812 2327 4846 2141 4129 4751 4144 4011 4810 4617 4183 2985 4980 831 4488 1553 2139 4884 3284 4938 4767 4845 3952 2083 2601 3291 4112 2674 3606 4587 4637 4784 3859 4666 4588 4114 4843 3246 2503 4943 3830 4893 4754 3028 4240 4907 4848 1073 4845 3701 4867 4215 3690 4025 4314 3636 4015 4844 4296 2959 4225 3753 3875 4857 4133 3375 3510 3961 4442 4252
3592 4831 4638 2483 4103 2085 766 3335 4473 4927 4909 1901 4996 3460 2984 4698 4022 2276 3711 4667 3644 2918 4773 3789 3877 2969 4366 3763 4405 4425 3992 4972 4856 4302 3312 4377 3420 4986 2963 3188 3285 4624 4541 3116 3923 3266 4254 3403 4444 1943 4891 3024 974 4509 4762 4891 3172 4564 4231 3011 701 2044 2039 4698 4508 3923 4641 1485 4352 2544 3440 2773 3019 4617 1393 3778 2238 3939 4555 3146 4848 4930 3592 3895 4995 4628 4666 4873 2164 4157 2046 2858 3544 2522 4289 3453
1350 1387 4163 4545 4272 3889 2782 2554 4668 4801 4541 3051 2196 3511 4615 3974 2145 1197 2020 4948 3723 4704 4123 4953 1806 2848 3613 4094 3921 2335 4768 4964 3423 3465 4483 4677 3817 2272 4635 2691 2952 4989 2286 4331 4895 3806 4992 4974 4846 4606 1569 3099 765 3707 3821 4641 3201 4716 4943 2154 3211 3704 1135 4249 3194 4933 3387 4396 3393 4744 4446 3680 4361 3608 4883 4537 4993 4776 2038 2992 2767 4458 2955 3414 2630 1957 4170 4144 4655 4500 4154 2744 3962 4177 4428 4665
3124 2392 4017 4464 1255 2721 3620 4348 2269 1547 4731 4485 2753 3159 4303 3797 3441 4653 4680 3821 4549 2569 3900 3475 4184 2733 1788 2360 4884 4992 2419 4094 4747 4997 1346 3210 4592 2441 2353 1644 4588 4975 4083 4815 3268 2046 2370 4326 3337 4007 4689 2236 3582 1857 3601 2775 3954 4488 4895 3532 4840 3086 4639 4237 2542 4660 3562 4903 2429 4979 1349 2507 4719 2189 2383 4588 2879 4374 2937 3874 2366 2458 2107 4991 3127 917 4986 2721 2344 3419 2677 3532 1404 966 4507 2896
3703 4715 4593 4068 1934 3638 3751 4226 4943 4882 4978 3591 4798 3896 4799 2036 3625 3450 4297 4082 4933 4676 3624 2117 4989 798 4981 4532 3071 4890 1750 2975 3582 1966 1674 3917 3650 866 4416 676 3567 2889 3316 2132 4423 4199 2691 4660 4531 3473 3232 4748 3087 4967 4737 4901 2555 4115 4920 4645 73 968 3911 4741 2541 4917 4007 4875 3051 1832 4920 4613 3532 4756 4452 4121 4776 2621 2409 3496 2205 3093 4881 2008 1228 1548 3977 4259 4058 4122 4691 3301 4549 3418 4418 4579
3326 3728 4891 4976 4412 742 3171 4953 3822 4204 3147 1869 3602 3563 660 4799 2147 4898 3804 1561 3049 1604 3521 1833 2304 4975 3388 4300 4465 2360 1580 4468 3684 1446 2474 4725 3523 3178 4151 4028 2765 4496 4865 2953 4464 3923 3959 4083 4719 4555 2677 2300 3082 2339 2059 3144 2176 4737 3592 2397 4674 4142 255 4684 4400 4180 3094 4251 4629 3418 4996 1525 2596 3798 3501 2796 3613 3276 3033 4362 3521 3396 2388 4636 3049 2713 3133 3247 4103 4832 4871 4209 4451 4957 4467 3882
3689 2470 4752 3504 4805 4847 3395 2865 4870 4158 4708 4419 1893 3015 3866 1237 4948 3500 4273 1931 3271 3802 4793 3211 4531 4969 4940 4157 4545 4054 3314 4768 3758 2427 4568 4824 4759 4796 4946 4880 4457 3670 2649 2144 2990 2622 4238 2081 2469 3990 720 3085 4051 2762 4605 4181 4555 3775 3795 4396 3733 2344 2570 2073 4613 4600 3652 3880 4588 1673 2916 4409 4387 2507 1998 3753 4755 3578 3103 3836 4605 3561 4455 4609 2438 4166 3185 4463 2466 5000 3973 3551 3884 2113 1928 4603
4165 4463 4448 2668 3975 1256 4373 2494 4345 1872 3713 2039 3176 4758 1868 4616 4155 3971 3950 2016 2000 4209 3737 4813 4670 4934 4655 3598 4607 4974 4997 4682 4407 3301 4727 2451 2389 4025 4936 3831 4865 4264 2164 3261 2988 4313 4014 1987 4870 2017 3251 3918 4581 2944 3920 3749 4925 2240 3324 2689 1184 4213 4844 1214 3164 1826 4407 3189 4205 4680 4963 3890 4194 3363 2120 4191 3372 4744 4763 4194 4528 4094 1920 2921 4888 4371 3819 4721 4074 4999 4978 4096 3240 1191 4417 4744
4888 2775 4767 2365 4980 3986 4334 2475 4125 4935 4013 4669 4864 4676 2512 3844 840 3888 4411 1727 4736 2464 3299 3481 4125 665 3782 2899 4901 3485 4991 4788 4915 4499 4857 4992 4103 3539 4213 4066 2039 1748 4745 1829 4427 4723 3448 3496 4928 1679 3541 4369 4417 3650 4523 4983 3622 4559 3323 3952 4899 4603 4183 2283 2384 3051 3614 2221 3108 2701 3722 3701 4527 3492 2625 3533 2607 4758 2873 4875 4839 3617 1269 753 1568 4834 4208 1520 1066 2643 2057 2025 3588 4867 4015 4587
4948 4854 1882 2260 4817 2660 2575 4343 1343 4392 4574 3199 4815 3853 4967 3247 4395 3693 3161 4529 4951 1496 4243 3980 3610 4660 1719 4927 4285 3778 4027 1211 3699 3105 1750 2786 4346 1415 3631 4998 2212 2801 4588 4975 3021 4308 1498 1862 3297 4311 3781 4979 3618 4566 4245 2389 3249 893 1495 4895 4207 4203 3987 3949 898 2760 3746 4888 3471 878 4649 3179 4594 4772 2582 860 4941 4921 2195 4343 4924 4573 788 4641 4771 3696 3269 4280 4405 3174 1932 4130 4875 4342 4809 4212
4948 3616 4092 4505 4243 843 4916 3850 4742 4987 1412 4459 4621 4961 3937 4180 4574 3214 2281 3432 2040 4528 4000 4013 4346 4837 2435 4343 3249 1626 3861 3384 4018 4039 2784 3464 4692 3264 4949 4553 3640 4976 4881 1603 4495 2769 4731 4690 3965 4948 4611 2048 3336 2947 1579 4755 407 4596 4097 4843 3729 4278 4949 4896 3422 4055 4625 4302 4734 4114 4303 4972 4221 1523 4642 1567 4945 4745 1820 3961 4941 2922 4893 4740 4671 2147 3435 4626 4456 2189 3879 4823 3278 4977 3874 3668
4411 4193 4572 4719 1345 4749 4324 4784 2322 3371 4588 4719 4350 4395 3690 4538 1304 3549 2500 4537 4939 3434 3810 4898 4402 3991 4227 4750 4989 3900 3911 4705 4315 2112 3802 4739 4882 3317 4744 2023 4323 4904 4994 3371 4430 4516 4377 4908 2091 3984 949 1530 2241 4691 3167 4556 4961 4893 2779 3117 4977 4377 4856 4978 4549 4627 4633 4810 2976 1842 723 3358 2385 3797 4328 4725 2446 3969 3622 3911 4351 4827 4861 2074 1216 4641 4828 4638 4900 1752 2030 4314 3369 4062 4971 3685
4772 4607 1185 4793 2714 4282 4585 3057 3485 4426 4944 391 4264 4711 4531 4119 683 4806 3566 4032 2790 4688 1291 3675 3962 4161 3293 3912 3992 1919 2335 4578 3736 3888 4879 3701 4018 2539 2229 1979 1735 3823 1940 1797 3211 4841 4566 1020 2998 2871 4857 4434 4259 3141 785 4808 4038 4869 1039 4438 1704 4836 4904 4842 1621 4881 3971 3428 4470 4361 4999 4467 2567 5000 4977 3946 3079 4956 4462 4786 3428 4967 3535 3945 4247 1709 1649 3501 3988 1643 3011 2602 3600 4259 3229 3956
1442 4930 4385 3982 4098 4737 3600 3138 4577 3040 4986 4790 4636 4950 4973 3057 2571 3045 4115 4310 4037 3777 4470 4252 3595 3335 1866 3918 4138 4091 4375 2762 4055 4286 3699 4744 2521 4514 3562 3161 2710 3162 4935 2425 4438 2543 4987 3825 4070 4986 3667 4136 3627 3110 3763 4426 4937 4918 2035 3351 487 4701 3624 4555 3390 4674 4245 4256 3386 4974 4867 4522 2903 1710 4911 4173 4238 4970 3741 2019 2706 3479 4138 4988 2452 4979 3155 4616 3360 3322 4354 3267 4381 4173 4574 4548
1552 4176 4402 4955 4444 2057 3262 2485 1585 2541 4646 2920 2739 3591 1156 2023 4888 4626 4665 2437 4681 3828 4127 3492 2778 1615 2932 3483 4893 4731 4220 3952 1113 4710 4772 4999 1881 3724 4218 4371 3886 4895 3573 4698 2219 4852 4899 3691 4619 3740 3379 994 3854 3853 2706 3980 4029 4671 3255 4502 4601 158 4529 4379 4577 2367 2563 2777 4753 3783 3927 3885 4819 1346 3216 4689 2585 2211 1712 4350 2778 4453 3278 4734 4817 3985 3349 3147 4631 4804 4961 4913 4984 4615 4119 4553
4526 3369 3221 4662 2161 4080 1181 4563 2400 4285 4966 3991 4091 4566 554 4405 4796 4985 4372 4712 3592 4454 3522 3232 4669 4627 3288 4725 4081 4123 3174 4773 4334 4048 3120 4170 4764 4747 4556 4836 2161 4224 4598 4999 1784 4950 4507 4690 3178 4193 3827 3998 4943 792 4170 2569 3831 3814 4466 2963 3057 4535 3606 4852 4660 4989 3616 4943 4191 4806 3940 4584 1851 4096 4250 4760 3643 3922 3034 4428 4713 3661 4970 4311 4960 4801 400 3160 4739 2501 3696 4760 4669 3818 2834 1749
3456 3232 2778 4734 310 4995 2330 4756 3920 3622 3745 1203 4921 4529 4326 4222 2966 4960 2241 3942 4143 2904 3367 4964 4915 4948 4998 1764 4740 4289 4612 4862 4217 4913 4650 4904 4065 5000 4150 4802 3678 4465 3587 296 4997 2526 4000 4064 4086 4905 4511 3147 4196 3485 3917 4972 4375 4210 4436 5000 3332 4142 3848 3986 3386 3941 3428 4429 4397 1825 4116 4789 3566 3561 4896 3374 4112 2195 4741 1239 4836 4762 3375 2629 4158 3326 4360 3730 4728 2196 4942 3851 4924 4443 2400 4320
2320 3651 4106 4919 4764 4658 4416 4825 2706 691 3568 2570 500 3061 3121 4529 4688 2497 2079 4763 4900 3111 4938 4809 3885 4041 4446 4772 1694 2215 4735 4536 4013 2160 2941 3399 4832 2971 4714 3736 4847 4386 2883 4123 3009 4741 3590 4788 4564 4907 4325 3688 4001 3547 4001 2639 4644 1877 2897 3005 4097 4819 4781 2576 105 4412 4564 3747 1275 4455 4224 1346 4039 4375 4966 1935 3004 3567 4751 4435 4858 4699 4601 3048 3875 3851 2731 1900 4848 3951 4333 1360 4979 2975 2210 4887
3133 4807 3728 2624 4990 2506 733 4891 3627 3662 3653 4262 3241 4836 2533 4623 4269 3523 4928 3548 4656 4557 4491 2445 3241 4207 4499 4256 4366 2163 4323 4674 2908 4803 1995 2495 3844 3749 3382 3314 4695 4731 4523 1724 4144 2243 4281 3990 4648 2754 4375 4569 1736 4348 3605 4762 4948 4554 1253 4977 4209 2228 4969 2833 1663 1659 4967 4213 4190 3431 4950 1797 3841 3980 3241 4201 4950 4915 2176 3572 4790 2967 3927 4452 4115 3049 2302 2437 3956 3713 3864 4437 2285 3909 3700 2009
3806 4628 3445 3464 3587 4800 4875 2741 4881 3045 4789 4218 4407 2692 3049 3581 1721 4981 3342 3933 4820 4651 4799 4866 4516 4751 4161 4266 2910 3249 2494 4908 2278 3962 4298 2111 4175 4906 4975 1928 4693 4910 4410 3416 4660 1984 4584 3048 4017 3194 4981 637 3825 3544 4986 3795 2496 4982 4616 4239 4509 1136 1410 4979 4337 2364 2746 2616 4496 1352 2271 4273 3401 1107 3470 3745 4375 4193 4077 3394 3386 4089 3151 3287 694 2340 3415 3190 4282 4819 2176 4162 4857 4880 4977 4526
4876 4397 3215 4928 3324 2633 2388 1615 4827 3268 3302 4873 4455 4915 4156 4006 4575 4936 4671 4907 2550 3607 3601 4067 3881 2497 4059 1901 4996 3700 3429 4415 4385 4994 1562 4511 2573 3340 4176 4233 3830 1883 4848 1981 4912 2128 4122 3217 1773 3490 4538 4786 4149 2689 3231 2416 4377 2656 3530 2784 3067 3922 4421 2886 4836 4762 4393 4157 2803 1320 4891 4738 3750 4091 3438 3975 3160 4229 3333 3050 3355 2483 4901 3949 2543 4858 3693 2999 1754 4505 2483 4147 1596 2779 3398 4982
3779 4484 4712 4638 2502 3012 4862 2624 1471 4898 4303 4558 4726 3723 4375 1563 3310 4426 4622 4015 4915 4066 4035 4844 4423 4804 2771 4693 4714 2084 4970 4867 2325 4920 2739 3989 2382 3697 4629 4954 2794 2833 4838 1209 1890 4198 2774 4632 1675 4483 3991 4970 3262 3438 4671 4886 4733 4867 4305 3212 4865 2972 3960 4912 3368 2385 4824 4901 3746 2204 3006 4711 1863 3576 4443 4823 1901 4834 4890 4445 3889 3784 3026 4911 4839 2052 3433 1516 3947 1893 4208 4716 3820 3040 1625 4349
4997 3955 4914 4830 1889 4942 4424 4142 3174 4732 4210 3606 2130 4638 2085 1264 4691 3852 4367 4786 2757 3198 3904 3713 4331 4791 1557 4912 4264 2179 4005 3443 3398 3237 4972 4790 1262 3151 4929 923 4754 2780 2934 4885 4743 2950 2169 4046 4720 4824 3563 4620 4147 4065 2446 3640 1135 3385 3620 3618 4911 3984 4523 2482 4595 4982 4917 4778 2282 2937 4172 4973 4699 2227 4285 2620 4805 1738 2520 2685 4405 3361 4624 4514 2508 3437 3943 4994 3225 2164 4731 3500 4482 4555 4529 4898
2722 4375 4178 4334 1842 3588 4443 4959 2724 4941 1503 4562 3421 3173 797 3508 2519 4757 3659 3788 3698 4086 4854 2376 4864 4746 4943 3061 2625 3089 4172 4962 2379 4591 3727 3354 4484 4924 3754 3950 4945 4920 2973 4876 1877 983 1804 4981 4751 1623 4763 4658 3334 3294 4379 2528 4733 3820 4914 4060 1645 4527 4617 2769 3131 4696 4433 2290 2773 4698 3365 2425 4193 3322 3253 3767 4148 3143 4536 3335 2834 4912 4923 4989 4056 4579 2592 2352 4822 2486 3366 4902 4804 4424 4926 2264
49 96
3051 4115 4441 3431 3801 4924 2666 3811 4688 4091 1709 4827 4989 4827 4862 4750 3524 3747 2665 2902 4944 4607 4655 3648 2048 3312 2447 3561 4432 4230 2540 4909 4736 4473 4431 4933 2659 381 4209 3757 4480 4564 3478 4920 2349 4959 4672 4094 3842 4777 3921 4612 2696 4273 2822 2778 1823 4838 330 3877 4404 4959 4694 2660 4128 3992 4647 1117 4534 4387 4904 4032 4474 3669 4800 1304 2260 3652 4391 4241 3463 2209 4451 2794 4735 366 4134 4794 4281 4864 4417 3499 3582 2041 4534 4922
4936 3206 2372 4822 4675 4167 4747 2510 4348 2399 3535 2238 4919 4118 4426 1556 3678 1333 4135 4977 781 382 2828 3083 4394 4341 4580 4366 3775 4213 1657 4507 4371 4143 3211 1020 4631 3084 3977 4630 3813 4428 4822 4434 4720 4257 4245 2924 4513 1391 3040 462 4855 2754 4402 4147 4111 2200 4323 2722 3940 2034 4976 4229 4776 3598 3374 4306 3498 4393 1335 4811 4772 2120 4567 1063 2031 2580 3407 2879 3415 2242 4815 4654 4829 4896 4352 4807 3211 4979 4007 2200 4416 4311 1721 2673
284 4917 2813 4824 634 2010 3076 3545 4547 3181 4744 3543 4846 4320 1654 3355 2194 3273 4878 4544 2121 2056 3266 4841 4312 2811 4341 4815 3005 4382 4626 4678 3541 4348 4344 2956 2199 1407 4828 4947 4909 4516 4968 4173 4142 1800 4868 3118 4638 3911 3578 3916 4306 1518 3975 3390 3227 4934 1904 4973 4269 2236 2896 2382 3928 3847 4628 4113 3591 3995 3337 3823 2960 594 4896 4542 3077 4876 2986 1997 4522 3719 4878 1982 3852 4534 3912 3496 4241 4728 4632 2745 4233 3833 3801 4133
4170 3077 1090 3994 4865 2933 1743 4855 4711 4689 4228 1768 4970 3446 4868 4501 3157 3596 3307 3522 4837 3476 4556 1967 2806 4369 2303 4213 2111 3466 4027 3637 933 4935 3947 3493 3902 4079 4950 4831 3882 784 3314 3711 4611 4120 2744 4737 4751 4155 4744 3095 2056 2277 2743 2418 4270 2769 3626 4512 2941 2618 4488 4634 3736 1674 4691 4986 4427 4357 3677 4838 3047 3967 4371 3590 4307 3759 3692 4052 758 4946 1645 3530 3003 3186 2104 2863 3988 4588 4911 4631 3770 4642 3588 4491
871 2789 488 2190 1951 4441 1878 2840 2946 3471 4657 1029 4683 4954 4608 3207 4813 2472 4925 4899 3040 2730 4414 4790 4917 4144 4583 4693 3260 4160 4534 3574 3061 4196 4673 1912 3584 1866 3593 4999 4870 3321 3851 2804 4977 4549 4440 3326 4722 4428 4193 4658 830 4062 3532 2785 3393 4547 3944 3451 4007 3868 4761 4838 4789 4970 3866 2834 4745 2286 4729 4284 4166 3354 3757 4470 4782 3433 4785 321 4943 2565 4301 4975 3850 3981 4660 2915 2585 3133 3275 4173 4750 4834 3002 4857
4688 3608 4967 3185 3623 4892 3997 1612 4017 3519 3243 4727 4850 4952 4831 2069 3026 4997 2219 3472 3448 3626 4772 4472 4165 4776 2215 951 4036 3055 3967 4201 4188 3206 1525 4227 3851 3245 4816 3825 2685 4337 4634 4881 4098 4849 2267 2433 2389 3931 4902 2119 2710 1761 4334 4844 4210 3923 4044 3364 4999 4116 3167 4229 4773 3263 4271 3325 4895 4133 4249 4019 4115 2342 2723 3705 2875 3697 3452 1623 1921 4904 4252 4215 2144 3979 2132 2176 3038 4973 4970 3420 3465 3789 4914 3793
1899 3550 4455 1642 2155 3262 4462 2909 3650 4426 4872 3984 4221 4965 1834 4691 3386 3941 4998 4719 4997 4479 4147 4108 4329 4270 3947 4220 4956 2952 3174 1459 3113 883 2398 4847 3583 2352 1026 4759 1889 3854 2954 4928 4744 4377 4618 3173 4942 4130 2816 4967 1061 2853 4269 2670 4984 4685 4370 3380 2413 2594 3983 4566 4753 4931 2573 4254 4367 2476 3867 3227 4484 4468 4238 3420 2317 3486 3951 4840 3685 3647 3244 4817 2995 3433 4618 1661 1708 1780 4304 4487 4145 4744 4979 896
4655 3262 1985 4057 3550 3661 4834 4980 4881 3408 3913 4810 3935 4268 2405 3615 3527 4388 3608 4781 4968 4123 4320 4275 2312 4705 4416 4650 3440 4377 2255 1502 4421 4141 4122 4823 4549 3877 4987 4391 4725 3436 3446 4110 1950 3706 4623 504 4741 4892 4678 4335 4990 4828 2208 2522 4771 4595 4538 4848 2539 4892 4930 4750 3541 3564 4269 4867 4070 3330 3100 2695 2288 2533 3013 4300 4813 4711 4780 3623 2212 3183 3485 3723 4749 4824 4348 4841 4897 4458 4202 1033 4684 4926 2601 4967
3833 3378 3733 4810 4099 2246 4765 4883 4982 3792 3503 4717 4361 4543 855 4766 3122 4535 4091 3405 4024 4173 4295 4583 4802 4889 1374 1638 4343 4380 3979 4398 2468 4679 4292 1527 4802 3266 4890 1625 3908 4227 4341 1361 4558 4213 3367 4970 4999 4022 2716 1304 4194 4683 3817 3944 2959 4588 3521 4722 3809 4915 4916 4380 3474 3219 2981 4885 375 4746 4302 4735 4881 4788 4972 2961 4773 4798 4969 3754 3168 4975 4961 4200 3917 3980 4881 4989 3375 4884 4354 1596 4378 4979 4561 4695
4670 4938 4684 4252 4988 4058 4667 3698 4839 4894 3640 4971 1590 2112 4249 3789 4202 4393 4061 4919 4620 4502 3729 4193 4183 1006 4836 4447 4594 4344 3526 4606 4564 3921 3880 2306 4623 4923 2895 4422 4932 3029 4198 2931 2659 4170 3630 2745 4327 4940 2508 4057 3800 4589 4994 4004 4736 4360 3013 4499 4485 3962 1561 3653 4814 4732 4555 4841 4563 4570 3796 2946 3457 103 4892 4400 2794 4099 4870 4294 3145 4793 4637 4445 2699 2284 3359 2735 2613 4427 4105 4873 348 4877 4051 4811
4825 1033 2749 4520 4683 4722 4871 2927 4925 4869 1245 4672 4421 3967 4141 4880 4476 2487 3759 1606 4306 2916 3949 3462 3775 1915 4343 4308 1457 3238 4815 2746 4877 4040 3221 4292 4516 1348 2565 1431 4237 1667 2229 4284 3631 3650 4969 3863 4738 4722 4505 3601 2912 4560 4764 1952 804 1562 1101 4239 4435 4866 4734 4769 4969 4372 1699 4519 3572 3308 1750 1156 4686 3224 4369 4992 1944 4178 3686 1046 2902 4659 1911 2343 4485 1071 2255 1534 4573 4980 287 3308 4571 4745 4576 2749
4607 3061 4105 3603 4678 4308 441 4592 3415 1868 3319 4081 3232 3364 4303 1318 3253 1513 3773 4612 4949 4310 3527 4765 3805 1842 4632 4648 1614 4993 3528 4732 2064 2150 2494 2404 4887 4097 4979 4469 3765 4582 3691 3930 4082 4086 4978 4206 4863 2693 4462 4786 2678 4391 4219 3334 3084 3252 2656 3218 1813 4514 3841 1952 4860 3971 3722 4174 3426 4430 4380 320 2211 4759 4194 3375 4446 3808 1666 2198 4356 2290 3150 4912 4654 3128 4719 4596 4058 3733 4988 4739 3616 4842 3787 3141
1827 787 4018 2843 1152 4624 4016 2627 3584 3682 4470 3863 4637 4077 2668 4318 3153 3733 4934 2015 4481 3737 3881 4950 4470 1950 1711 2790 4391 3013 3592 3971 4910 3507 2983 3939 1852 862 2206 1288 4813 3261 2439 3585 3941 4759 4052 3702 4315 3689 3079 3283 4944 1370 2907 2975 3571 3462 2632 4585 4851 2931 3292 3411 4962 4833 3274 3103 4893 2880 2995 3966 4844 4135 4053 3405 4909 4933 4782 1804 2785 4248 4281 3598 4980 4971 4496 1920 2646 4073 3945 3293 4537 4498 3852 4674
2844 3554 4288 2170 4945 3878 4439 960 3760 3973 4581 4205 4461 3650 496 4248 3190 4600 3754 1655 4215 2846 4343 4983 2967 4041 1135 2435 4808 3819 3916 4104 2746 3754 4774 4904 4992 3302 4856 4780 3818 4268 4730 4193 4613 4508 2342 4853 2761 4413 3368 3384 4959 3750 1329 1885 4403 4720 4687 2832 3348 4601 3556 4069 4442 1762 4504 2442 2330 2499 4979 4747 4354 3195 2567 2370 4849 4831 4511 4794 3993 1983 4389 4522 4668 4107 4429 4854 4285 3814 3180 4659 4711 2890 2911 3738
3633 3896 4577 1706 3423 4645 2432 3191 4072 2249 3925 3922 1586 4214 4454 3871 1572 2590 2410 3242 4259 3963 3529 3303 4689 4431 3647 4765 4818 1965 2385 4821 4735 4639 2922 2225 3660 4043 4253 4899 3760 4503 4291 3758 1074 4861 664 2166 3424 4633 4366 4977 4109 4231 4763 3356 1118 3730 3173 4717 4976 4969 4249 4954 4586 3029 2705 4789 3908 4618 2566 1882 4888 3879 2940 2264 4954 4561 4428 1257 2615 4574 4849 4318 5000 2189 4590 1944 4346 4951 4326 4416 1609 4011 4757 3513
4867 4884 3100 2786 2182 4982 4003 4274 3910 3995 4630 3627 3422 2145 3432 3863 4913 2190 4195 5000 863 3380 1999 3894 3299 3620 4790 1766 892 4437 4510 3421 4663 1815 4573 4692 4212 3598 4916 3817 4500 4542 4371 2191 3027 4273 3581 2687 4991 4660 3750 4118 2430 2921 4638 3056 4239 4657 3738 4588 3365 4965 3172 4163 4059 4738 3738 1713 3996 4755 3755 4921 2907 3129 2162 2164 3421 4823 4045 4428 4301 2522 4490 3746 2807 3588 3275 4917 4643 4943 4937 1576 4263 1693 4152 4172
2099 4740 4970 4555 4956 1711 4138 4966 2645 3954 3967 4604 4092 3112 3363 4679 4832 1388 3895 4504 4707 2514 3975 4708 4924 4927 2724 4971 4359 2698 3828 740 3987 1600 3714 3124 4400 4926 4595 2157 3155 3202 3503 4446 4153 4069 496 2731 4526 3514 4216 4830 2497 3321 4069 4543 2962 2877 4601 1535 4450 4493 4083 3547 2922 1119 3935 2483 4796 3196 4932 4434 4088 2492 4780 4891 2585 4310 2629 4998 3340 3166 3142 4430 3314 4983 3035 4126 3895 3786 4546 2528 2861 4970 3398 2952
866 4963 1189 4546 3856 3903 3090 4838 2518 1717 4102 1175 3311 4033 4857 3399 4526 3595 4999 4621 1176 4918 4396 1970 1581 3939 4330 4160 4033 2453 4817 2344 2669 4851 3627 3488 4712 2646 3600 4360 4003 3304 3006 4644 3848 3894 4478 4326 4551 4978 4468 3707 4386 3505 2494 3880 3459 3505 2658 4758 4133 4949 3245 2406 4944 4295 1442 3335 610 4907 3178 3612 4904 2135 3356 2361 3596 4987 4852 4291 3841 4558 323 564 4768 2619 4317 1983 4928 4580 3926 4049 4501 4418 3253 4474
4906 4981 4598 3516 2201 4950 4237 3565 4863 4390 3079 4736 3418 3693 2985 4585 566 4577 3388 4301 4749 4572 3726 4966 4977 2668 4735 3817 2066 4932 816 2133 4931 4709 4995 2627 4614 4433 4693 4963 2906 1640 4897 4979 3090 2586 3878 697 4576 4231 4943 4690 2285 3953 4448 4848 3782 898 4752 4449 4784 3919 3134 4696 2614 4955 4154 4903 3908 1917 2703 1934 1841 2390 3694 4483 3644 3951 4366 4911 2880 4994 4096 4927 4957 3820 2721 3156 3775 2357 3491 4265 3840 3728 3836 4868
3282 4268 3564 4790 3627 4477 3795 4739 4983 1236 4758 3373 4052 4753 3849 1107 3485 3802 4924 4239 3918 2424 4397 2239 4285 4702 3330 4426 4568 4122 3812 2348 4929 4509 4629 4739 4084 292 4579 4409 1480 3912 4859 1912 4664 4837 3011 4657 3687 3392 4620 4023 4383 4962 3351 2292 3868 2262 1693 4043 1425 4949 4875 4658 3672 1130 4939 2754 4729 2151 4857 1956 4979 4054 3644 3231 3335 4877 4947 4737 2657 4057 1051 4936 4770 791 4969 4241 1196 2897 1624 4738 4531 3321 4688 4841
4082 3769 4955 3961 4641 4758 4967 4975 4839 4826 3329 3724 2139 4435 4390 3285 1520 3787 3899 4232 4715 4491 4938 4473 3631 4908 4853 4338 3864 4130 2473 2263 4755 2630 2771 4897 2357 2841 2186 1963 4195 2311 4403 4717 3839 3988 4846 4072 1842 3628 1993 4172 2354 4869 954 4683 4404 2195 4502 1387 4893 4679 3677 4798 1237 4495 1332 4755 4287 4841 3859 2602 4385 2422 4843 3718 2108 4860 4240 4914 4119 4496 4527 1853 1903 3770 3611 4975 3980 1946 3598 4336 4765 4994 3718 3416
4912 3695 4871 4891 3986 4181 4980 3848 4690 2329 4567 3934 4144 2774 1635 4232 1202 4995 4373 3686 2249 3172 4495 4983 4856 3543 2975 4055 4252 4227 4993 4716 1930 2052 4453 4982 4125 3387 1862 1032 2074 4952 3627 4466 4961 3925 2525 3872 4565 4156 4777 2873 4980 4721 2642 4599 1300 3397 3060 4356 4326 4722 3752 3147 4903 4938 4867 2650 3611 4644 4623 4829 3982 4424 3865 1509 3634 4765 4866 4796 4523 1818 2078 4969 2902 3629 4931 4860 4501 4925 2876 4849 4237 4382 4037 4439
3414 2655 1021 3903 4357 4462 3792 4796 4435 2650 2781 2472 3407 1034 3971 4765 2138 2454 4686 4767 3224 4147 4882 4662 1561 4481 4993 3519 3612 2932 3377 2057 1694 2843 2997 3392 4542 335 4959 1148 4837 4721 2416 4459 1052 2382 762 4029 2356 4534 4598 3351 4999 2790 4703 2693 3720 1774 4955 325 1782 4745 4332 4629 4812 2647 4232 4773 4913 4771 4592 3618 1598 4786 4457 4563 4682 4668 2879 4277 3141 4671 3857 4906 4398 4737 1169 3794 4524 2990 443 2506 1520 1989 4960 3719
1279 4844 4435 2011 1264 3215 4598 3640 4423 4333 4106 2912 3749 3855 3898 3832 4923 2776 2137 3463 4406 4734 2589 4316 4913 2508 4670 4066 4084 4656 1249 3888 4907 2565 4995 4242 3585 2237 4779 4997 4747 3804 4103 4964 4089 4860 3758 3525 4257 4154 2909 4333 4653 4655 936 4966 2011 4807 3163 4050 2078 1743 4805 3137 4369 4992 3770 3191 2982 5000 4835 4451 3927 1512 3411 4946 3219 4798 4213 4151 4231 2253 4652 3053 4612 1864 2596 2121 4083 4415 4327 1424 978 4361 4759 4963
3494 3794 2727 1617 3241 4824 3251 4445 4546 4373 4720 4094 3798 2952 1529 3627 2440 3614 4258 4780 3176 4907 4712 4803 2005 4749 2762 4839 2311 4916 2917 3154 4788 3573 4621 4873 4269 1745 2041 3561 3828 4283 4843 3861 4532 4129 1373 4420 4874 2002 3719 3676 4797 4923 4928 790 2238 4393 1782 4600 2002 4910 4379 3147 4991 4406 4970 3247 4920 4949 4977 3623 4435 4925 3703 3413 2793 4575 4107 647 3553 2310 1319 4905 2416 4543 3256 3619 4126 4421 1762 4177 4913 4510 1167 4955
1865 3123 4618 1248 3146 4550 4996 3710 2391 4966 3980 2663 4925 4691 4910 4804 2474 4474 4689 2788 3087 4510 4095 4966 4222 4500 2922 1836 1050 1968 4971 3720 3896 4415 4499 2588 4621 4292 4182 2796 4642 3393 3565 3677 2425 4368 3917 498 2643 3907 4924 4632 736 4874 2803 2894 2531 4857 3780 2972 4957 4413 4844 2412 4976 576 3151 3531 3460 4955 3727 2208 2000 4981 3627 4179 4570 3193 3291 1120 3535 3700 3050 4988 4232 2305 3960 1570 3275 4501 3909 2645 4928 4191 2138 4953
3520 4898 4954 3440 4673 4812 2546 4300 4573 3663 2946 1543 4098 3503 3075 3015 4887 2023 1880 4580 2783 3737 4818 2195 4171 4463 3738 4570 3767 4702 4904 4840 4479 2998 3394 3607 3942 3035 3756 4731 1775 4004 4373 3451 1543 4943 3082 2761 4784 3689 4680 4088 4984 3972 2562 1004 2252 2828 4586 4573 4257 4577 4147 3789 3385 4190 4847 2909 949 4934 4305 4996 2825 4996 4931 4747 2069 4694 3732 2587 4941 4820 3766 3950 4957 3894 4334 4764 4105 1087 2065 1983 2368 3830 4570 3773
4340 4000 3095 4563 3800 3634 3020 4136 3703 3965 4565 4283 4072 4019 4786 3906 4957 3122 2013 1018 4099 2748 4590 4919 5000 3642 4457 4889 4725 4021 3161 4684 4823 3567 3973 4807 2633 3604 3408 2193 4597 4703 1991 2800 3280 1340 4889 2916 2813 4022 4356 3250 4367 4741 4846 4795 4516 2093 3705 3216 1224 4668 1137 865 2050 4219 4359 2690 1325 3564 2956 3839 3279 4351 4621 4332 142 2419 3229 489 2612 3974 4813 3978 4302 3626 2520 4881 2659 3507 4942 2696 3766 4561 3018 3446
2137 4545 3422 3343 4937 4686 4556 2254 3667 2190 3357 4790 2603 3901 2247 4456 2730 3208 4742 4364 3163 2121 2150 4637 4916 3229 2941 4692 4752 2273 1022 4370 4916 3734 4408 1090 2436 3088 4489 4952 3121 4998 4088 3367 944 3705 3101 2188 4066 1866 2191 3945 4856 3307 4934 3888 531 2987 4189 4238 4406 4566 4958 2737 4329 3223 2456 3606 4983 4750 2142 4986 4972 4852 4658 4527 4899 2602 3550 4675 4827 3209 1045 1465 3828 2861 4289 4777 4148 484 3253 4918 4935 3561 3772 3980
4980 4274 2968 3905 4691 3594 4101 1141 4761 1034 4388 3477 4411 3093 3508 2320 3642 4629 3855 3582 4760 1006 3309 4997 4388 4793 2316 4783 4979 4044 745 3264 4976 3320 1756 4763 4997 3439 1647 2776 3304 3597 2971 1847 4055 4520 4155 4476 4975 4787 4560 4689 4198 2859 3620 3781 4827 1934 1583 4335 3093 2434 3332 3184 1105 4852 4882 4093 3676 2777 2643 4983 2284 4187 4858 2000 3241 4760 4264 4652 3596 4162 2495 4254 3467 2209 3534 4970 4443 4841 4884 218 4318 3579 3731 4826
2847 2925 4275 2946 4354 3957 4027 4728 4163 3923 2847 4139 3262 3463 4192 3032 2570 3913 4462 4286 4900 4600 4852 2016 3707 2171 3096 3098 4186 4887 3880 3136 1069 4536 3868 3691 4443 4862 4934 3341 1833 4307 3360 4003 4879 3269 4894 4536 2492 4120 4961 2488 3757 4513 992 4025 4281 821 4605 2229 3408 3343 4510 4995 4762 4894 2733 2880 1130 1704 2819 4490 2554 4239 4349 4763 3676 3487 3650 1450 4785 4131 4335 4421 4980 2897 4355 4961 1578 4413 4970 1456 4971 4634 2710 4301
4615 3298 4564 4859 4925 4509 4738 1986 2810 4038 4047 4872 4414 4148 2238 4875 4829 2854 4008 3436 4997 2324 3481 495 3290 3976 2972 2693 4710 4988 4357 4241 4731 674 4850 4542 1792 4721 4609 2761 3334 3194 3208 3028 2855 4053 4468 4939 2063 3099 2586 3270 3113 4520 1537 3055 3693 3747 3459 1997 4608 3566 3762 1050 4049 3582 4694 4505 3881 2370 4656 4797 1402 3908 3122 3551 4793 4202 4508 4019 4958 2838 3644 4531 3702 4850 4700 3264 4490 3056 3014 4339 2880 2636 4793 2540
981 3500 4334 4715 4998 3317 3469 4923 4996 3352 4915 4274 2839 2951 4827 3376 3188 4046 3822 4892 4377 4138 4950 4987 3524 3948 4963 4376 4972 3217 4066 3542 2536 3014 4149 2649 4206 2308 4772 4621 758 3898 4948 3989 4877 3976 4336 1836 3092 4806 3236 4395 3201 3591 3813 4713 4633 3323 4243 1536 2165 4948 4803 2851 3072 4695 2553 4256 1632 4493 4308 3113 1856 4684 3259 4463 4915 2846 4858 2913 2715 2588 4977 3793 2181 1204 4746 3503 4165 1795 2383 4548 4845 3601 4984 4347
4262 4181 2361 4894 3065 1613 3218 4994 4700 3403 4189 3872 4583 2854 4131 4778 4934 4370 4867 4977 4331 3534 3012 3830 2446 3966 3925 1481 2551 1337 4368 4768 4582 4267 3181 4480 1242 3718 2508 4916 1791 4130 1990 4055 2090 4485 4069 4987 4537 4629 4978 1982 2961 3326 4762 3566 4954 4475 1724 4523 3045 4280 4856 4860 4846 4596 1718 3102 4581 4281 4397 981 4737 1121 3902 4952 3782 2365 4822 2678 3130 4672 4208 4779 2958 3973 2492 2660 4809 2882 1956 1442 4192 2028 4939 739
4204 4138 2727 3995 4932 4812 4954 3015 4746 4491 2947 4877 1222 3273 4961 4000 2888 3977 4045 3273 4543 4657 2600 4628 4346 4714 4036 4206 4935 2760 4951 3459 2163 575 4223 4402 3807 3617 4369 2827 3006 2731 4270 3932 4210 1655 3318 4831 4826 4379 4869 2100 1490 3840 3321 4874 3812 3833 3834 2637 3506 2955 3553 4525 2198 3147 862 4103 4686 4952 422 4808 2557 4971 4463 4015 3581 3473 3907 4441 4615 4590 3755 4456 3624 4485 2848 3287 2139 3803 1044 4128 1923 4240 4813 4652
4662 1121 4965 4687 4904 4184 4917 3454 4347 3893 4967 4843 3479 3433 4030 4475 4405 1962 3343 4637 4764 4146 3065 2555 4629 337 3034 3238 4226 2072 3930 3213 3561 4369 4129 4781 3027 4545 641 2466 4716 2933 4364 4670 2847 4836 1681 4361 1914 2294 2507 3807 3467 2883 2548 4057 2052 1687 3766 4369 4517 4861 4913 4712 4867 4539 3783 4623 2761 4513 672 4530 699 874 4889 3896 4870 2088 1613 1556 1480 4683 3763 4503 4573 4348 3094 4982 4004 4415 4405 3497 4128 4500 2099 720
2250 4079 4904 2001 4075 4546 2056 4905 4185 4332 4903 2823 2656 4612 3028 4963 956 4265 4245 3413 3850 4623 4729 2641 1931 4091 4258 3263 2901 1539 2888 4710 4048 4661 2289 4528 1533 4965 3358 1732 4865 4959 3455 4256 2301 3167 2241 4417 2355 1920 4889 4970 4793 2824 2730 4753 4793 3405 1081 4973 4449 3121 4329 4614 1449 4817 4787 4751 4720 4370 4706 3944 4952 4492 4978 3984 3259 3170 4761 3087 3463 4375 4588 4441 4076 4449 2470 4919 4328 2157 4937 3725 3330 3104 2296 3513
4888 4710 3414 4771 4469 4997 3457 4725 3457 4641 4973 4709 4428 163 4789 4952 4650 4828 3828 4527 4387 4914 4394 4154 4683 2964 4906 3574 3504 4753 4472 1897 4021 2632 4507 1920 3005 4008 2899 4120 4280 2179 4471 4920 2758 4778 4998 4306 4575 4442 3932 3668 4843 1330 4256 3303 4439 4367 3937 4118 3921 1035 3199 2618 4965 4932 3493 4391 4126 3005 4498 4795 2653 4535 4134 4398 4360 4057 3280 4053 2206 4539 4331 3205 2167 3315 4905 2801 4830 4093 4380 4817 2446 943 4981 4942
3754 4139 4638 3094 2863 4455 4860 1964 2636 3576 4688 1111 4951 4267 4100 4822 3170 3965 3430 4153 4692 3744 4254 1827 3822 3938 4709 1566 4251 619 3144 4998 4991 4635 3194 4791 3459 4342 3832 4369 3734 4869 4944 983 3509 4747 4120 2804 4474 2530 3036 1871 3415 2295 3609 2321 4647 4545 4552 3317 4437 3493 4714 4131 4963 4315 3708 1573 3763 4241 1619 1762 4798 3199 4929 4645 2947 3523 4460 3353 3917 1881 1821 3862 4616 2972 2596 3720 4009 4688 4810 1401 4163 4514 1080 4824
1372 3140 4965 3457 1213 4891 2437 4875 4918 2784 4443 4161 318 4923 3688 2821 2953 4303 3648 2714 3851 1626 4124 1991 3728 3465 3093 4807 1904 4830 4728 1573 3484 3246 4945 4889 3433 1300 4964 4252 3356 3613 4656 3469 2224 4519 1706 4977 3069 3455 4264 4733 1171 4895 1554 3498 4447 3452 3844 3033 4195 3218 4483 3806 2129 2901 4444 4148 4144 4888 4487 2120 4973 2856 4880 3210 2203 2395 3641 1488 2805 2597 3276 4848 3943 3410 4977 4992 3542 3345 2797 4269 4756 2816 4480 4283
1369 4887 3157 2796 4832 4845 4063 3300 4456 4551 1082 673 4218 3219 4155 4361 2318 4996 3822 3566 3055 3011 3608 2056 2828 3326 4316 2880 3761 2539 1593 3333 4988 4886 1594 4021 4676 4071 4450 2396 4374 4295 4904 4095 4746 2258 4457 2381 4451 4959 4962 5000 4996 4909 3399 4704 3758 4954 3709 4809 4785 865 3789 3734 4404 4525 4842 4447 2813 3389 4901 4795 3181 4928 1364 3642 2372 2596 2340 4605 1133 1495 2581 4846 4569 3812 1406 1720 4689 2787 4846 4218 4733 3446 875 4842
4994 3050 4588 4903 2206 4440 4920 4651 3687 4615 1313 3842 4764 4526 1978 3013 3422 4971 1618 4486 3030 4522 4621 3756 3781 4117 2793 4906 4758 3206 3629 2649 4578 2472 3108 4650 1403 4888 982 3920 3229 4974 2137 4972 4816 4214 4973 4157 4967 2483 1404 2337 1809 4393 4733 4999 4700 4634 2089 3392 3570 1909 4524 3594 4123 3565 2480 4144 3366 4043 2334 4478 3233 3376 4788 4699 4787 2694 1605 1794 2878 4457 2863 3355 4711 4711 3928 4871 4687 4336 2100 4900 4810 4227 791 4999
4499 3939 4700 844 3093 4669 3412 4998 4693 3998 3628 4495 4327 704 3311 1211 3134 1711 4996 4613 4808 3605 4885 3387 4932 3549 4757 4274 3827 4130 2474 3729 4406 3960 2809 4991 4900 3946 3037 4038 4468 3936 4939 3575 4980 3354 4518 4865 4846 4070 2095 3692 4796 4981 4320 4463 4932 4788 4577 4185 3558 1239 2344 2730 4061 3573 4460 4840 3270 2908 1221 4276 2717 3687 4154 4343 4959 1740 2553 2069 4686 4990 1560 3877 4985 2731 4870 4853 4696 802 4505 4811 1788 3900 2562 4296
4198 4986 4968 4856 2663 4400 3382 4078 1407 2453 3045 2810 4577 1931 4877 1996 4693 4603 4882 4440 4197 4358 2233 4525 4995 2885 4942 3413 3256 4859 15 4625 4079 4585 3977 4684 4290 4172 4811 4210 2469 3860 4612 3243 3614 1765 3683 4750 2540 4933 4241 1814 4756 2664 3794 4947 4128 4533 3836 1395 3557 4833 2332 4225 4124 2164 878 3865 4020 4038 4914 1481 2287 3835 1707 2730 4596 4817 1678 2705 3817 4865 2879 4642 3726 1823 4925 2555 3620 2218 4662 4121 3477 4807 2223 3468
955 4319 4763 2017 4299 3009 4915 4992 4918 3010 4292 3228 4692 4809 4334 4461 4893 4413 3426 4921 2076 4443 1381 3454 1095 1675 4968 4482 4394 1619 4622 4872 1198 4596 4044 3010 3950 2462 2669 4936 2531 2529 3997 3832 2791 3085 3894 3946 804 4385 1306 3378 4943 4612 4853 4086 4225 662 4573 2323 1403 4145 3682 3823 4562 2330 3942 2351 3246 4558 4394 4992 4765 4535 3324 3640 3032 3689 2369 3176 2627 3903 4640 3368 3662 4993 4243 4008 3770 2547 3482 2891 2571 3026 3067 3994
4832 1365 4085 4259 2616 4924 2329 4233 3226 840 3907 3083 3137 4518 3941 4761 3218 4257 4936 4943 1613 4342 1025 3776 4704 4974 4840 3466 1254 2823 4087 4623 4694 3253 4605 3320 3152 1905 2308 2664 4528 3354 3014 4571 3298 4262 4782 2934 2765 3962 4391 4561 4179 4971 3135 3994 2549 4199 3778 2042 4648 3442 4884 3068 3978 4802 3288 4677 4317 3644 4608 4626 960 4951 4382 2893 3041 4988 4744 3898 1898 2459 4291 3540 3159 3036 2103 3318 4388 2094 4433 4720 4938 4159 4330 3752
3347 3326 4747 2347 2664 4739 3981 3562 1240 4280 2035 4396 4519 4701 2699 4480 2118 4231 4195 3371 3212 2944 2589 3834 2936 3624 4368 4797 3190 948 4886 3105 4909 3931 4450 2150 4090 2291 1531 4282 4202 4274 4581 3948 2909 3525 2960 3975 888 3092 4974 4846 4512 4756 1619 4981 4845 4501 4808 4706 1402 3804 4019 4816 3256 4362 1878 2868 1102 3876 4344 4602 4832 1760 4950 3878 3114 4366 2558 2018 4761 3889 4527 309 4620 4467 4652 414 1410 4861 4993 2977 3439 4065 4898 4118
4915 3385 4210 4879 4118 2726 4151 4477 1680 3645 4795 3499 4966 1489 3830 4640 1719 4047 4934 4459 4583 3518 2924 4509 3018 4114 2995 383 1616 4660 2897 4267 3563 3631 873 2702 3918 4387 4261 3788 1234 4148 2824 4000 2147 3014 3847 4032 4879 3639 2405 3086 3037 4654 2395 3625 4921 3597 4403 4790 4565 3899 2572 3200 3350 3750 3231 2982 1322 4293 4449 2147 1519 4817 4977 4956 4294 4545 4909 3890 2886 2416 4524 3846 4902 3320 4930 4824 4689 4592 1188 2815 4939 4491 4343 3065
4959 3899 4926 4806 3701 4500 4012 4396 607 3902 2453 4071 4991 4166 4813 4718 3840 3851 4241 4456 4933 4206 4815 3908 4719 4676 4681 1439 1403 3424 4333 4610 4157 3863 3099 3297 1354 2989 3015 3908 2891 3070 4915 3505 4709 3547 4771 4518 2589 3619 4513 4752 2251 2088 4389 3342 3549 3008 1712 2973 3761 4299 3190 3210 4834 4810 3523 2427 4075 4225 3479 1317 4468 3078 2740 4962 4754 3049 4170 2750 4366 4440 4926 4039 4004 2132 4141 3718 4751 4566 1760 1897 1987 3102 4177 3168
