979 1642
1 198 16232
1 712 22252
1 790 23603
2 767 19590
3 358 1415
4 417 12650
4 841 22860
5 63 492
5 166 29142
5 546 720
5 792 23317
5 913 10609
6 350 10793
7 157 27488
7 529 26527
7 770 14184
7 975 3473
8 261 16291
8 504 29586
8 845 23311
9 170 13073
10 587 16743
11 163 11073
11 511 25876
11 702 16243
11 727 32280
11 979 32408
12 740 3418
12 920 20349
13 572 9295
13 707 27113
14 18 31836
14 151 7755
15 331 3198
15 782 4711
16 145 13295
16 753 21348
16 762 12769
17 328 31649
17 591 14107
18 478 30303
18 576 19781
18 611 3715
19 136 780
19 352 23532
19 502 15795
19 536 10919
19 547 15141
19 839 3940
19 848 20274
20 221 19417
20 240 28164
20 909 13183
21 314 32715
22 192 17355
22 836 25726
22 954 32406
23 266 28766
23 280 1148
23 424 7949
23 524 23916
23 736 3369
23 886 4122
24 151 26098
24 311 16199
25 609 14522
25 722 13680
26 28 14301
26 641 31377
26 748 15792
27 860 30767
28 356 17
28 429 1588
28 437 30303
29 600 18646
29 654 5579
29 891 88
30 60 305
30 899 14444
31 561 32409
32 65 29758
32 121 28962
32 256 8533
32 287 1991
32 559 27563
32 775 17051
33 300 8073
33 350 18504
33 387 12094
33 675 7146
34 748 30011
34 801 13473
34 839 19380
35 486 363
35 598 25545
36 459 31401
36 550 24004
36 972 12615
37 504 28157
37 582 2369
37 719 13783
37 975 3731
38 78 31837
38 217 411
38 696 13299
38 795 1100
38 842 18822
38 923 21914
39 437 23936
39 685 30892
39 944 26038
40 265 26596
40 702 8571
41 234 18848
41 898 23228
42 79 7692
42 111 4644
43 721 9622
44 131 25266
44 132 12786
44 882 1062
45 205 20088
46 276 3500
47 580 3975
47 963 25615
48 655 25855
48 658 31779
48 929 22162
49 139 26989
49 587 1404
49 608 12890
50 105 25439
50 963 17412
51 284 14671
51 472 22111
52 290 27462
52 381 13410
52 936 18620
53 405 2104
53 706 944
54 321 31179
54 542 31750
54 678 13086
54 872 25765
55 360 4738
55 638 5608
55 865 26875
55 916 31053
55 944 15924
56 325 4826
56 633 8439
56 879 16795
57 664 8350
58 929 12576
59 361 13017
59 399 6715
59 505 4400
60 460 401
60 666 22163
60 747 20308
61 229 22246
61 530 3068
62 675 26114
63 106 25225
63 682 18907
63 786 9224
64 73 9157
64 120 30735
64 459 8800
64 522 3110
64 607 18840
64 622 28753
64 716 2461
64 917 25020
64 964 23806
65 242 20661
65 492 2943
66 313 28129
66 369 26262
66 375 24738
66 904 30247
67 164 19354
67 440 20709
67 519 1908
67 680 31495
68 156 26012
68 560 3145
68 568 13076
68 611 19405
68 693 7986
68 714 28221
68 767 23561
68 942 660
69 389 17626
69 622 26955
69 971 8174
70 166 17483
70 973 9898
71 485 10047
71 723 3787
72 411 4515
72 412 17609
72 741 23686
72 960 6826
73 144 8871
73 390 1044
74 228 960
74 537 30912
74 627 3834
74 721 9421
75 100 13581
75 456 2610
75 870 7433
76 369 12404
77 159 22593
77 777 15553
78 268 26705
78 368 15260
78 699 6584
79 195 1631
79 205 28156
79 257 22454
79 420 3884
79 521 10103
79 817 19011
79 913 1881
79 930 21749
80 359 7869
80 543 30038
81 392 390
81 710 28179
82 193 20684
82 459 19973
82 555 31826
82 854 24246
82 892 16267
82 969 26408
83 316 4012
83 886 2687
83 890 23975
83 934 10001
84 624 16625
84 765 22044
85 359 16110
86 266 22530
86 409 17896
86 434 3949
86 513 24775
86 547 13414
86 710 5410
86 777 10540
86 947 17127
87 259 4999
87 798 17820
87 924 4055
88 440 21427
88 597 24139
88 759 15933
89 166 8822
89 320 26685
89 546 3207
89 582 22789
89 716 23397
89 746 12534
89 937 10655
90 173 21019
90 326 16871
90 401 7694
90 881 27041
90 961 981
91 294 2717
91 954 29108
92 173 6532
92 573 2655
92 605 20159
92 721 2745
92 929 32439
93 710 12952
94 268 19656
94 349 9348
94 396 1603
94 527 14042
94 653 19515
94 708 2806
94 911 12233
95 151 30155
95 240 8849
95 346 12603
96 311 2218
96 673 3932
97 137 14936
97 235 4028
98 322 14916
98 624 30103
98 705 12768
98 796 31486
98 840 22925
98 877 27138
99 356 2988
99 616 10208
99 641 16574
99 779 31851
100 462 9684
100 949 11108
101 527 19988
101 698 19831
102 270 11006
102 337 11489
102 703 1795
103 315 19015
103 375 3917
103 423 14828
103 503 5693
103 713 7341
104 471 17420
104 562 3978
104 910 3352
105 416 6525
105 605 25747
105 767 23645
106 209 9963
106 644 27153
107 428 6352
107 458 15974
107 557 19709
107 575 26389
107 587 23647
107 614 20178
107 689 17691
107 808 9317
107 818 2952
108 179 4991
108 306 14471
109 154 11109
109 465 31042
109 477 23407
110 286 23639
110 862 1927
110 966 1449
111 773 3795
112 183 23614
112 405 27253
112 606 4587
113 470 22805
113 744 17874
114 396 17076
114 579 26011
115 948 6210
116 183 13733
116 802 2247
116 977 18749
117 122 18039
117 270 28068
117 295 4214
117 374 23399
117 391 11910
117 715 4920
117 821 32425
118 157 3750
118 303 25572
118 506 13997
118 669 7493
118 737 11897
119 465 31341
119 563 31841
120 650 9316
120 889 8066
121 392 29654
121 411 5544
121 450 27949
122 326 27846
122 792 17606
123 149 11775
123 378 11479
123 507 17504
123 764 17189
124 486 30564
124 828 27710
125 151 8159
125 665 20150
126 743 843
126 946 5589
127 268 13541
127 280 12365
128 197 16590
128 481 17128
129 654 15206
129 888 19145
130 151 28547
130 299 1552
130 386 16059
130 583 10012
130 836 13937
131 143 23449
131 432 12448
131 516 22957
131 902 1643
132 149 496
132 557 32239
132 635 19656
132 790 28729
133 183 27841
133 210 691
133 451 5848
133 496 28993
133 858 30244
134 357 4925
135 154 14843
135 234 3050
135 264 14606
135 573 21554
135 861 13704
135 896 6732
135 927 11505
136 148 17574
136 332 23781
137 347 14771
137 436 16897
137 466 10906
137 780 27022
138 203 5726
138 237 16733
138 456 4070
138 726 18081
139 152 30428
139 306 6043
139 647 21840
140 238 27427
140 581 17631
140 600 6373
140 817 27541
141 244 4807
141 277 15123
141 943 3777
142 156 3401
142 524 21921
142 663 405
143 186 27530
144 381 3306
145 172 1281
145 417 17353
145 540 7158
145 640 12434
145 767 24144
145 882 18536
145 928 17339
146 323 668
146 349 31765
146 358 32579
146 456 12048
146 745 10474
146 889 13462
146 953 20748
147 593 14656
148 349 27003
148 497 26624
148 909 26473
149 343 11691
149 364 28222
149 563 5611
149 655 12194
149 731 25879
150 229 23824
150 526 20976
150 701 9786
152 194 17934
152 297 1133
152 402 27463
152 578 20053
153 230 27934
153 296 9677
153 666 29654
153 702 30567
154 551 22654
154 697 16512
154 732 15336
155 300 2280
155 321 2164
155 532 4866
155 554 6364
156 598 27166
156 809 3500
157 550 24775
157 972 29711
158 365 18690
158 905 28103
159 178 616
159 224 3080
160 622 27646
161 334 29139
162 418 30343
163 255 24510
163 375 16748
163 681 17543
163 694 4278
163 883 26654
164 724 27758
164 768 22142
164 885 5844
165 509 12855
165 784 1821
166 787 7946
166 830 4027
167 184 3544
167 571 11178
167 670 5607
167 915 12908
167 951 18386
168 563 20364
168 817 14586
169 701 20726
169 889 14977
170 252 8221
170 328 6727
170 393 24855
170 723 2099
170 899 18934
171 308 12479
171 524 6870
171 913 19887
172 183 13916
172 217 276
172 372 4978
172 486 18046
172 528 23477
173 339 25604
173 472 3703
173 531 18891
173 653 26727
174 482 18801
174 846 4810
174 911 15250
174 949 1132
175 176 13180
175 408 23206
175 463 11314
175 902 12290
176 537 29460
176 655 25287
176 673 15576
176 791 1920
177 971 5948
178 211 20540
178 353 29210
179 437 11052
179 749 25872
180 749 28586
180 793 18286
180 882 10021
181 282 22452
181 532 2002
181 568 5913
182 519 28049
183 334 7791
183 632 4627
183 815 23037
183 898 13163
184 422 27605
185 458 30574
185 482 20841
185 744 2228
185 898 27646
186 199 14628
186 284 24957
186 590 22827
187 419 6795
187 454 17191
187 646 26845
187 790 15686
187 876 6885
187 914 4107
188 196 29275
188 682 7615
189 607 766
189 764 23498
189 919 9186
189 932 15067
190 364 14920
190 767 24297
190 770 25826
191 407 29054
191 575 30415
191 870 20420
192 620 18052
192 698 4109
192 814 12304
193 467 8692
193 501 6846
193 657 16698
194 358 15058
194 482 24376
194 486 18956
194 538 29938
194 896 24703
194 938 31615
195 778 23711
196 742 7160
196 916 16000
197 318 8783
198 601 29046
198 708 7604
199 729 14059
199 870 8295
199 901 8769
199 930 4313
200 765 16840
200 811 18727
200 891 28337
201 675 17545
202 439 8669
202 479 11287
202 763 31699
203 533 14545
203 770 1643
203 856 17158
203 893 11281
204 299 7691
205 347 15387
206 505 5303
206 585 15288
206 662 4485
206 677 12818
206 863 16112
207 373 23141
207 601 16547
208 397 17796
208 510 15614
209 956 10368
210 554 9491
210 673 9557
211 369 14895
211 879 7670
211 962 22467
212 819 1245
212 955 31284
213 218 1383
213 680 15095
214 308 2854
214 314 31036
214 352 26451
214 912 20434
214 931 11769
215 307 16643
215 330 18073
215 485 14897
215 558 29665
215 674 21267
215 691 14924
215 766 7121
216 583 10493
216 788 17746
217 221 26732
217 283 15844
217 386 5126
217 677 32316
217 738 25484
218 615 32633
218 709 4339
219 424 24984
219 630 28600
219 715 25211
219 931 9888
220 235 16603
220 697 24608
221 520 28890
221 577 59
221 602 19276
221 906 1142
222 799 27629
222 847 27043
223 493 15537
223 644 4046
223 837 3876
223 908 20243
224 452 3294
224 941 12010
224 959 15909
225 260 19515
225 488 5826
225 670 28931
226 354 15621
226 566 13053
227 300 21484
227 409 15724
227 472 12805
227 831 23413
228 834 16329
229 670 15487
230 350 13089
231 598 8069
232 464 31219
232 510 29522
232 772 7088
232 851 6263
233 571 2790
233 615 26705
234 251 13225
234 289 23876
234 559 4019
234 798 17353
235 336 23987
235 355 15302
235 402 30137
236 277 27839
236 284 12680
236 409 15659
237 299 26305
237 630 8039
238 243 24885
238 388 2674
238 778 740
239 499 28321
239 583 7649
239 704 14458
239 809 12957
239 896 25167
239 917 31476
240 868 29371
240 927 22463
241 647 9610
241 955 14649
242 359 20888
242 427 11134
242 579 1603
242 612 23854
243 791 11642
244 285 32657
244 343 7215
244 467 19349
244 803 20222
245 257 28860
246 569 10657
246 909 11797
247 308 27224
247 561 26409
248 691 2057
248 767 1107
248 805 11057
248 819 5813
249 580 14629
250 893 12146
250 940 5674
251 459 10511
251 783 3291
253 440 12018
254 644 29849
255 540 12182
255 656 27264
256 337 24300
256 536 6080
256 576 3025
257 346 8148
257 814 14573
257 871 22228
258 354 28167
258 424 31795
258 455 12116
259 684 24931
259 715 18340
260 415 17413
260 425 20839
260 844 28210
261 459 9034
261 706 14307
262 730 13063
262 843 11359
262 961 4725
263 283 8170
264 627 25072
264 785 2239
265 405 14088
265 528 13477
266 677 14457
267 628 18438
267 834 30401
268 270 8123
268 288 27630
268 294 14381
268 440 7979
268 511 22683
268 698 7127
268 901 23998
269 409 20283
270 892 12838
271 815 24826
271 954 29522
272 369 1451
272 888 20990
272 914 7860
272 917 11235
273 468 1415
273 593 10838
273 692 21520
274 444 16777
275 340 10964
275 386 1466
275 394 3974
276 369 10993
277 467 12378
277 714 17652
278 617 23739
278 816 7367
278 853 26519
278 918 14978
279 427 27033
280 292 28867
280 622 8681
280 888 12632
281 352 31500
282 433 19956
282 695 27362
282 716 4073
282 825 684
282 853 30036
284 501 10075
284 510 12256
284 536 26259
284 603 12017
285 426 24312
285 825 17980
285 833 4370
286 912 11802
287 329 13031
287 672 5220
288 314 21958
288 515 18501
288 636 32025
289 315 11065
290 364 16877
290 391 20698
290 876 2580
291 355 25216
291 674 9618
291 732 21727
291 889 6105
292 470 8569
293 369 20995
293 487 2471
293 508 8551
293 865 24472
294 361 25686
294 462 10674
294 801 30428
294 839 7169
294 886 6122
295 521 14273
296 715 3527
297 303 5545
297 910 2699
298 310 14832
298 315 8440
299 346 22219
300 545 11576
300 724 12833
300 943 22973
301 356 13561
302 308 4062
302 584 5051
303 470 26662
303 921 6778
304 555 24409
305 430 32151
305 454 12989
305 601 10329
305 785 14083
305 916 14129
306 488 7569
306 751 4021
306 818 16806
307 835 26986
307 977 6918
308 516 19826
308 521 31921
308 850 13769
309 382 1951
309 398 17865
309 536 25434
309 571 30902
310 400 18910
311 561 28582
311 794 6196
312 322 4109
312 799 14713
312 928 5401
313 446 22314
313 713 15396
315 491 9483
315 551 22879
315 558 5984
315 779 24111
316 699 9308
316 717 2073
316 879 16324
317 540 12311
317 844 32246
318 639 3393
318 639 13601
318 971 13342
319 442 5403
319 847 12240
320 378 12007
320 597 15564
320 972 30893
321 622 13027
321 816 1918
322 871 32156
322 912 7136
323 379 12314
323 547 3264
323 602 20810
323 826 26169
324 699 16482
325 682 25273
325 806 6612
326 569 11248
326 968 18064
327 600 15725
327 767 3611
328 973 12839
329 516 26757
329 878 21909
329 964 10485
330 679 21895
330 880 1963
331 337 29179
331 637 4849
331 724 29247
331 734 21740
332 593 504
333 484 24787
333 544 12137
333 791 5701
333 896 23792
334 406 10656
334 409 1143
334 757 28999
334 758 13341
335 521 24595
335 586 18245
335 725 29156
336 438 6163
336 577 23894
336 593 16155
336 713 9402
336 726 1531
337 608 2628
337 900 23660
338 556 12200
338 660 19822
339 407 8569
339 603 27986
340 503 21757
340 642 5413
340 701 3861
341 377 10858
341 435 29961
341 578 28970
341 866 28868
342 783 10037
342 785 3427
343 754 15204
344 606 15328
345 818 1056
345 900 25771
346 541 19460
348 875 22059
349 715 17880
350 661 13736
350 970 30044
351 466 6716
353 549 24416
353 652 30721
353 754 7999
353 928 4685
354 834 31146
355 437 6567
356 566 2276
356 706 21466
356 711 21803
356 742 26073
356 943 6957
357 516 12532
357 796 15854
357 978 3283
358 437 4014
358 853 26173
358 855 31995
358 889 7921
359 554 10771
359 783 3609
359 902 13077
359 959 1809
360 407 17872
360 447 14023
360 570 15868
361 771 24311
361 810 31609
361 971 21299
362 370 22487
362 384 10336
362 433 16216
362 580 28494
363 755 10959
364 763 8045
365 487 29097
365 838 15317
366 780 30413
367 369 32223
367 475 15636
367 756 25132
368 509 31926
368 864 12856
369 435 10918
369 598 29607
369 878 9428
370 845 25889
371 372 20150
371 551 13299
372 628 13729
372 946 11849
373 384 10737
373 929 18458
374 870 1084
375 502 30821
375 670 8100
376 646 32003
376 710 29003
376 716 17686
376 769 22322
376 948 12430
377 453 28069
379 708 17199
380 418 9907
380 661 22492
380 858 6930
381 441 31093
382 840 4588
383 661 27712
384 461 8482
384 690 20917
385 630 20973
385 906 17241
387 928 5835
388 656 2956
391 777 22604
392 908 11664
394 401 9885
394 945 15892
395 458 22429
395 579 7164
395 709 15445
396 969 20437
397 664 7043
397 708 6929
397 959 26080
398 430 18229
398 505 22380
398 696 21821
398 734 25465
399 581 8189
399 604 4900
399 700 714
399 710 5600
400 605 20169
400 760 23281
400 823 28101
400 945 20629
401 462 19104
401 466 2712
401 684 17546
401 771 29101
403 501 8293
403 591 11431
404 539 1997
404 542 3125
404 555 22671
404 786 8776
405 600 1176
405 750 14434
406 765 10142
406 815 25127
408 435 11534
408 854 14490
408 893 27863
409 414 20461
409 709 30148
410 724 16959
411 416 21224
411 470 32495
412 930 28202
413 871 6568
414 435 21590
414 873 544
417 698 14176
417 815 20701
418 604 9817
418 728 25405
419 637 11766
419 697 2995
419 977 14429
420 822 14630
421 437 20438
421 941 948
422 726 27626
422 911 21597
422 952 3850
423 533 15502
423 683 1842
423 753 11435
423 758 9069
424 469 21929
424 475 1217
424 589 15057
424 619 27713
424 634 27674
424 745 26872
424 765 15375
424 780 177
424 896 9264
425 530 14882
425 682 20863
426 609 32300
426 737 26447
426 755 3109
426 764 25035
426 856 18076
426 957 22282
427 431 26818
427 569 25532
427 905 24813
428 906 16443
428 950 11542
430 436 22953
430 837 20894
430 896 16180
430 948 11911
432 827 26180
432 913 17012
433 457 6300
434 621 1603
435 633 13432
435 645 15710
435 765 26833
436 480 11019
436 531 2929
436 705 29554
436 800 12105
437 458 8282
437 874 8545
438 513 5058
438 908 26766
439 754 5830
440 970 1970
441 481 4413
441 759 24793
442 579 13774
442 754 17288
442 840 18652
442 940 19077
443 499 24982
443 537 14866
444 913 31579
445 619 15182
445 790 17633
445 883 14709
446 960 24790
447 646 25616
448 467 28057
448 579 28861
449 463 11670
449 578 14457
450 582 2650
450 595 5852
450 731 7252
450 816 16202
451 940 9507
453 520 24016
453 924 25349
454 485 24720
454 691 25121
454 814 13568
455 548 13685
455 927 19377
456 487 1500
457 526 23571
457 597 3246
457 703 10439
458 623 23451
459 629 13906
460 539 30933
460 546 8442
463 765 16069
464 500 6960
464 946 20641
465 809 11865
465 820 17632
466 783 2834
467 481 15203
468 750 10136
469 925 9429
469 963 15420
469 964 13117
470 540 15428
471 591 9506
472 899 28899
473 630 16373
473 685 10273
474 591 27006
474 653 30953
474 663 18725
474 710 3026
474 852 12458
475 590 31570
476 638 30210
477 480 9622
477 616 25624
478 646 10342
478 715 20091
479 689 24336
480 877 26096
482 815 2475
482 899 24342
482 937 11519
483 672 13776
485 924 5845
486 530 19660
486 595 4273
486 631 14350
487 627 6893
487 819 4096
487 926 2481
489 675 23405
490 661 29368
490 911 3362
491 586 27585
492 673 24971
493 643 25271
494 741 16766
495 627 10136
495 648 6008
495 782 4415
495 784 28178
496 811 2679
497 749 23033
498 878 17262
498 924 16441
499 694 18370
500 609 31126
503 520 24840
503 596 29241
505 585 26642
505 780 7446
506 546 166
506 690 5791
507 509 24156
507 531 17923
507 810 23223
510 535 677
510 831 11302
510 845 4670
511 835 10185
511 864 21651
512 708 12805
512 767 3555
512 842 30197
513 525 1854
513 706 14902
514 641 3239
514 736 20907
515 773 3568
515 809 31394
515 816 18001
516 882 9670
517 534 9071
517 585 24575
517 786 7636
518 754 6866
521 679 19045
521 720 24237
521 846 6763
521 858 8323
522 584 13341
522 763 28061
522 881 6237
523 759 6060
524 645 18256
524 867 23903
525 832 28288
526 698 10044
528 622 10360
528 662 21304
529 534 7842
529 709 7421
530 859 15339
531 777 13470
532 552 29472
532 638 21754
532 881 32515
533 681 18926
535 796 28606
535 845 26924
536 695 20753
536 829 7810
536 849 7624
536 879 26429
536 917 6141
536 962 20687
538 825 25723
538 828 3114
539 868 24569
539 896 23514
541 688 437
542 548 16441
542 818 27144
543 971 28425
545 600 32554
545 940 29680
546 677 308
549 703 4454
550 656 19426
550 818 23820
551 568 28759
551 750 14521
551 849 22646
552 650 18281
552 922 16333
553 864 9632
554 799 24208
556 809 18797
558 591 30327
558 889 27795
560 626 20622
561 653 12041
561 705 8314
561 806 22395
561 815 29571
561 943 5554
561 972 10872
562 662 16621
562 716 21700
563 649 29759
563 659 8943
564 636 12080
564 782 9262
565 592 17572
565 594 30820
565 885 29289
566 570 17935
566 876 16081
567 682 29216
567 875 26807
568 978 28465
569 732 29225
572 754 29994
572 810 20396
573 671 31853
574 765 24143
575 682 22363
575 723 5017
576 953 3673
577 628 14491
577 677 29305
577 772 27587
578 668 20983
578 870 11073
578 967 29137
579 688 3961
579 934 29191
580 698 16255
580 806 868
581 898 26364
582 625 2725
582 680 21057
582 707 27000
582 917 15483
582 938 12323
584 912 27781
586 605 3207
586 692 11354
587 911 30748
588 769 23362
589 907 26579
592 660 4085
593 863 28708
593 890 31
594 676 1708
595 869 19563
596 724 15886
596 875 4970
597 664 7196
597 939 22610
598 932 1790
599 938 8505
599 965 30696
600 761 3343
600 816 266
600 866 24129
603 752 32239
603 948 19197
604 712 1103
606 796 27389
608 739 10181
608 936 19566
609 818 23105
609 922 32273
610 706 17553
612 889 5282
613 646 24483
613 757 3565
613 903 10600
616 784 1595
616 903 26347
617 645 7891
618 625 25033
618 733 20416
618 933 27919
619 634 28153
620 783 16311
620 836 25032
621 668 20478
621 744 11272
622 938 10869
623 759 6121
625 872 8630
626 704 24211
626 711 15930
627 655 17692
627 804 21220
627 960 25539
628 800 25365
629 713 11264
629 866 30754
630 653 27704
630 807 23187
630 860 18136
630 969 2115
631 688 26684
631 872 16692
631 920 6595
633 719 27980
633 848 9076
633 956 6058
636 757 14332
637 677 31420
637 759 27835
639 976 6422
641 864 6086
643 729 10578
643 747 17822
643 781 1836
643 800 18436
643 882 7565
644 823 26113
645 854 6342
645 979 3548
648 746 27128
651 755 1716
653 828 13629
654 883 27670
655 764 6108
655 857 1056
656 935 21063
657 675 21185
658 752 22783
659 844 22936
659 975 21679
662 874 30268
662 953 26388
663 955 20368
664 669 19472
666 870 25396
667 673 18552
668 854 23982
670 868 8115
670 875 8326
670 892 4681
671 674 15641
671 876 27152
672 727 1670
674 797 15220
674 904 2953
675 677 27618
675 688 6067
675 839 30946
675 897 32444
676 878 20707
677 899 30846
678 767 11943
679 743 9064
679 786 25245
680 702 12358
681 900 17437
682 789 19772
682 901 10269
683 943 6916
684 721 25591
685 753 15409
686 880 7338
687 720 30160
688 952 30407
689 726 24293
689 795 23357
690 712 29843
692 694 19675
693 925 6734
695 793 23984
698 750 15465
698 797 5483
700 702 9649
700 958 31422
701 731 25086
703 706 31405
704 760 3815
704 761 3796
704 789 1435
705 709 14205
705 874 31959
708 945 23802
709 883 15423
709 917 2328
710 787 15084
711 762 14588
711 836 10269
711 936 16701
713 917 19799
716 832 30715
717 943 12872
718 764 24506
718 948 29400
721 940 3551
722 771 28046
723 913 15715
725 735 5787
727 908 7657
728 818 24838
730 819 5705
732 738 26425
733 851 8932
733 928 3859
734 941 20143
736 926 5480
739 850 3927
740 972 30252
741 747 5213
741 916 18198
744 868 6956
744 919 32049
744 974 6119
746 791 10203
749 759 24172
749 774 7396
749 910 7003
750 835 26370
751 862 31919
752 848 17713
752 889 32074
753 813 29398
754 906 30565
757 776 6474
758 780 6754
759 769 8853
759 836 1128
759 875 27110
762 821 22604
764 767 28326
764 797 8226
764 839 14965
764 896 4324
764 925 26715
766 772 659
767 913 24712
767 929 2086
767 944 8978
768 896 21411
769 854 18273
770 866 31522
771 916 18116
772 917 9824
772 939 30629
774 863 3915
781 853 3646
782 787 4296
783 966 29150
784 912 19849
786 804 8518
787 911 19451
787 947 1356
789 961 26939
794 971 3208
795 828 30527
796 911 23489
797 859 13293
797 895 10226
800 973 5999
802 873 19615
806 914 23761
806 937 10469
809 938 3049
810 917 29767
812 820 11030
812 952 12078
815 843 16876
815 884 4516
817 830 1454
819 826 26412
819 920 7416
819 955 31973
820 971 30769
824 858 29166
824 863 963
824 906 551
825 894 20176
831 864 19546
832 944 20611
833 837 5768
835 881 5078
841 866 3115
844 869 13047
844 910 22704
848 864 2401
855 929 14718
860 885 23310
860 887 14372
866 893 21924
869 876 5758
871 907 31394
875 894 18813
879 889 31667
882 896 267
887 901 27397
888 951 20964
889 932 4644
891 943 27802
897 966 25596
901 960 28509
907 938 23551
907 955 29962
923 943 19668
923 951 15279
927 972 25678
947 951 27442
950 970 31224
407 912
1 10 11 12 13 14 17 21 22 24 25 26 27 29 34 35 36 37 38 39 41 42 43 44 57 58 59 60 67 68 72 73 74 75 76 78 80 81 82 84 85 86 87 88 92 94 95 96 97 98 99 100 101 102 103 104 105 106 107 109 112 113 114 115 116 120 124 126 127 130 132 133 134 138 141 144 145 146 147 148 150 152 158 159 160 164 165 166 167 168 169 179 181 182 185 186 188 189 190 191 192 193 194 197 198 199 200 209 210 212 221 222 224 225 226 227 230 231 232 234 236 237 245 246 247 248 249 261 263 266 268 269 272 279 282 283 284 289 295 297 299 303 308 309 314 316 319 320 326 330 331 340 341 344 347 351 352 355 356 358 359 366 369 371 372 380 386 388 389 391 397 402 405 406 407 408 409 410 411 412 413 423 424 425 426 427 428 430 432 433 435 436 440 441 442 443 444 445 446 449 457 458 459 462 468 469 473 474 475 476 477 479 481 482 485 486 487 490 500 503 506 509 514 521 523 527 533 534 535 538 539 543 546 549 555 556 563 565 566 567 569 571 572 576 577 578 579 580 581 598 599 600 604 613 617 618 619 627 628 629 636 643 644 645 648 651 655 656 657 659 660 665 669 679 680 682 692 693 694 695 698 699 700 701 702 707 709 713 718 719 720 722 725 726 727 728 729 730 735 737 738 739 745 748 749 762 764 766 775 776 777 778 779 781 782 784 788 789 790 791 792 795 796 797 798 799 802 803 804 805 806 807 808 809 810 811 812 814 815 816 817 819 820 821 825 826 833 836 838 839 840 842 843 844 845 846 847 848 854 855 865 868 869 870 872 875 876 879 882 883 885 901 905 907 911 912 914 915 917 924 925 926 927 928 932 936 937 941 942 946 947 948 949 950 952 956 959 960 961 965 966 967 968 971 972 975 979 
143 449
177 418
661 966
317 238
809 206
676 737
73 850
895 638
185 492
237 238
979 320
706 704
534 228
221 288
848 594
201 355
350 321
733 206
277 762
725 522
643 529
413 87
791 23
910 905
810 679
145 792
221 713
152 978
153 254
152 737
654 647
95 171
847 34
378 101
831 482
634 103
431 539
825 46
885 281
894 347
264 579
626 380
515 953
490 331
160 605
467 57
856 603
745 123
406 61
5 777
367 364
154 163
216 584
594 374
514 12
168 849
565 830
124 165
173 361
145 387
130 92
597 306
584 151
621 380
378 226
452 85
747 767
3 753
27 417
365 538
196 667
671 921
841 496
889 612
575 338
686 720
86 847
900 318
654 488
758 616
661 734
22 70
567 220
120 49
919 172
666 229
123 825
633 421
782 923
681 973
66 913
427 469
154 952
178 701
745 53
379 471
218 213
363 68
280 772
593 50
592 771
533 863
903 687
328 211
65 904
138 667
691 281
766 175
968 310
518 220
842 808
926 587
939 501
591 618
587 161
733 823
709 583
326 679
399 61
752 714
946 20
307 835
367 160
827 866
322 648
613 912
196 867
472 74
956 419
743 526
536 166
459 496
962 259
407 45
750 260
628 247
258 191
217 885
193 893
401 137
381 103
480 608
840 885
290 543
807 91
282 781
918 214
869 507
683 373
450 71
943 360
783 661
344 784
228 449
191 530
401 961
470 594
81 242
157 260
302 58
154 546
58 177
351 836
274 933
173 789
705 651
213 483
693 321
604 457
237 423
111 123
447 405
940 44
762 111
788 355
573 161
88 603
862 672
292 670
121 781
755 776
216 928
577 819
94 952
939 264
951 888
6 331
881 397
691 563
358 158
668 703
453 459
879 41
435 475
372 494
510 2
919 502
965 209
435 758
826 446
432 607
83 713
696 958
634 466
682 726
103 93
50 958
818 467
308 864
438 92
178 117
301 70
638 406
444 562
398 220
902 519
517 717
706 430
423 493
340 570
362 471
82 368
471 900
328 704
176 104
862 658
928 48
401 924
336 329
5 363
397 743
93 434
367 727
882 395
558 370
317 117
780 523
381 681
262 374
268 675
773 937
260 134
804 344
22 571
651 957
369 575
669 538
675 973
64 633
519 92
412 766
569 88
38 90
513 898
586 329
108 369
131 123
9 164
653 205
938 381
657 422
762 23
777 357
292 353
311 759
966 327
467 425
207 341
252 548
393 244
844 860
444 259
128 627
912 655
703 399
175 250
508 63
351 696
69 557
593 268
304 774
580 630
124 177
564 349
73 316
806 533
793 168
117 783
728 839
780 245
395 836
836 96
402 678
95 892
97 179
29 938
833 270
21 701
474 974
178 418
270 616
58 405
439 38
72 447
558 516
706 732
565 55
814 784
584 916
28 570
818 293
599 73
263 144
875 581
488 896
674 475
562 461
780 683
611 358
478 599
192 199
347 283
744 171
106 207
363 271
479 438
476 129
586 300
397 180
294 936
368 166
421 353
772 802
591 514
426 684
671 712
709 870
687 223
362 377
814 658
74 115
795 446
558 25
377 299
666 486
213 242
675 972
875 887
824 441
974 652
283 636
134 167
870 844
175 90
592 559
402 19
556 132
214 769
895 384
47 670
547 575
32 651
719 329
812 404
572 519
934 695
886 938
508 786
405 314
663 682
379 675
803 53
333 389
334 887
127 752
389 599
540 805
539 109
116 155
538 190
492 28
803 927
826 942
646 39
527 261
431 546
527 286
237 73
796 358
279 390
595 285
271 159
210 879
505 240
282 74
562 575
67 302
860 356
320 640
65 200
134 610
183 469
71 518
579 390
39 297
500 704
566 275
779 885
609 366
85 477
460 353
617 300
381 118
289 754
523 35
440 626
69 631
507 944
882 664
342 248
119 902
470 947
975 529
265 479
470 198
360 878
141 287
64 608
490 24
752 602
305 809
141 124
758 382
34 676
646 657
253 410
603 148
471 979
697 571
107 868
417 652
855 346
618 336
943 803
587 484
804 103
853 275
157 2
198 361
626 205
807 959
671 568
240 420
786 369
757 458
389 203
713 892
4 945
550 560
949 562
336 278
384 262
206 823
701 33
345 414
284 643
636 199
196 35
184 457
145 3
120 422
419 459
171 926
100 530
800 112
52 619
944 581
873 754
618 938
638 17
322 194
699 504
170 525
976 395
714 304
563 360
419 249
688 639
67 628
964 636
579 281
213 180
264 419
656 500
218 724
530 695
678 771
222 945
730 873
3 429
655 962
140 818
652 364
276 751
338 714
286 546
897 409
713 889
109 642
427 660
835 928
568 301
626 33
432 875
24 587
751 788
377 248
780 347
123 799
23 304
911 270
193 806
537 20
925 962
785 523
824 664
685 406
628 84
344 739
433 921
440 290
505 129
233 793
873 735
397 675
340 734
259 721
681 171
600 200
482 17
336 641
468 624
248 40
271 687
575 562
195 498
756 555
669 72
683 145
714 18
809 732
398 44
875 421
253 154
936 663
82 174
137 462
346 880
768 891
240 871
148 957
208 684
974 698
317 759
733 667
24 837
135 338
36 580
343 8
292 421
318 269
630 580
742 294
353 95
855 634
906 806
355 766
214 366
480 99
223 804
469 612
885 757
737 426
676 794
324 504
54 515
644 362
755 812
734 311
383 554
864 60
885 627
634 195
73 553
864 225
789 801
889 117
428 912
963 150
545 661
394 779
290 92
720 49
211 5
701 553
678 336
938 950
379 492
870 291
915 638
564 128
145 330
730 622
569 295
329 576
438 465
344 87
663 68
115 406
916 661
813 923
448 735
597 428
312 6
130 12
356 124
799 82
537 437
99 954
746 547
726 589
832 169
415 542
258 662
719 268
36 409
308 672
284 336
74 6
772 815
347 598
451 811
99 829
905 690
760 788
285 75
781 64
450 48
376 91
9 246
694 961
240 242
368 414
722 828
365 857
556 36
678 215
144 233
291 356
392 626
493 697
413 507
1 956
119 974
615 577
847 928
523 474
80 657
839 626
745 323
408 881
47 225
210 871
285 121
454 173
760 265
116 85
807 243
558 969
351 333
10 140
139 667
417 380
616 737
113 615
202 498
309 465
807 909
607 406
168 936
30 876
466 572
952 638
49 841
550 291
307 829
19 351
606 466
486 876
174 449
488 589
901 321
536 636
228 715
125 557
68 483
722 249
643 577
512 567
179 229
339 271
387 815
129 118
941 230
110 270
220 765
447 622
564 535
826 70
165 658
979 391
551 651
45 174
94 715
209 310
70 933
532 310
619 106
850 166
760 30
354 446
352 146
14 76
830 557
701 448
258 218
536 338
226 156
771 65
304 467
524 228
614 754
602 48
199 383
837 111
84 108
745 940
425 530
182 770
749 603
43 693
292 455
122 693
65 875
46 497
886 258
81 27
113 771
268 573
481 934
174 467
318 580
19 431
386 369
547 298
352 77
423 257
258 322
649 638
927 75
214 211
678 18
946 201
212 731
531 218
549 30
25 61
853 698
673 600
442 35
234 671
533 569
834 213
751 292
78 197
735 543
6 953
679 622
279 245
539 663
278 839
612 806
158 58
967 453
611 837
368 962
426 712
579 549
461 780
612 860
851 701
179 917
878 675
76 30
295 382
669 823
602 441
43 27
331 53
400 638
462 79
664 576
338 661
814 559
864 227
786 936
616 407
411 633
672 853
621 547
202 297
64 712
423 609
437 355
345 422
276 201
122 379
14 645
726 570
353 500
337 461
463 946
406 432
52 738
934 609
871 585
806 463
86 517
979 577
481 444
105 950
628 326
365 924
246 140
432 354
331 440
530 516
938 824
379 204
140 599
58 687
508 937
484 237
26 188
302 680
619 471
482 766
912 525
660 44
394 760
302 309
731 675
808 534
194 929
218 514
49 215
196 458
857 6
76 800
158 421
643 803
926 575
951 419
589 935
431 568
617 946
767 82
41 800
435 718
393 206
632 576
190 441
350 340
453 534
62 319
122 175
697 552
180 864
55 210
443 20
216 558
301 948
748 679
551 581
879 939
906 442
933 392
341 285
288 873
507 391
854 626
942 538
329 520
243 431
296 821
688 383
452 616
933 578
304 958
639 65
977 614
211 52
