100 128
1 45 85
1 49 56
1 54 43
2 87 85
2 93 100
3 7 48
3 9 92
3 91 4
4 10 90
4 31 49
4 40 69
4 66 21
4 90 92
4 98 83
5 50 67
6 84 96
7 42 42
7 69 60
7 71 94
7 94 44
8 47 56
9 15 53
9 55 57
9 77 68
10 50 49
10 76 17
11 83 40
12 26 41
12 69 24
13 24 34
13 45 17
13 69 71
13 97 62
14 51 78
15 50 68
15 64 65
16 95 95
17 46 25
17 51 42
18 78 62
18 90 94
19 22 64
19 72 22
19 79 49
19 80 89
19 81 51
20 43 51
21 40 13
21 67 43
21 70 31
22 47 27
22 81 13
23 87 8
23 87 86
24 98 63
25 33 49
26 79 17
26 92 65
27 72 87
27 97 64
28 48 7
28 51 47
28 59 26
29 40 100
29 55 84
29 90 29
30 68 74
32 51 11
33 71 3
34 40 94
34 42 92
34 96 23
35 43 72
36 57 25
36 62 91
36 76 82
37 41 37
37 44 92
38 87 88
38 90 100
39 74 8
40 83 93
41 43 88
41 68 51
42 50 93
43 81 14
45 80 7
46 76 67
47 54 82
47 93 19
48 54 8
48 76 85
51 70 21
52 92 44
52 92 27
53 67 11
53 92 40
54 68 85
54 71 89
54 74 24
55 67 99
55 98 80
56 59 68
56 74 70
57 87 52
58 95 79
59 70 90
59 88 88
60 84 46
61 77 76
63 72 44
64 97 36
65 84 67
67 89 73
69 73 23
71 84 53
71 85 14
74 87 27
74 95 30
75 80 39
76 86 11
77 78 39
77 78 35
78 98 83
82 83 77
87 99 74
89 100 30
90 94 6
48 100
5 9 10 13 14 15 16 17 18 22 23 27 30 34 35 37 38 39 43 46 53 54 55 56 57 58 59 60 61 62 65 69 70 71 74 75 76 77 82 85 86 88 89 93 94 96 97 98 
26 2
68 6
22 37
1 100
44 95
52 64
87 44
48 75
58 91
44 93
31 80
24 8
77 91
99 1
48 10
24 80
22 22
65 26
20 45
28 29
65 78
15 72
70 34
83 52
11 65
25 62
81 32
82 65
57 66
19 31
84 28
43 99
59 13
19 97
97 66
22 17
94 14
3 85
66 66
7 42
78 79
52 25
46 68
18 22
88 2
40 24
85 12
38 18
77 20
56 34
64 79
35 4
42 84
66 77
14 52
77 37
6 72
60 37
42 24
54 49
83 59
32 81
42 83
15 14
38 14
51 36
45 8
84 94
18 95
38 73
90 49
47 64
40 85
67 11
28 13
37 55
74 62
89 22
88 68
45 99
27 95
27 92
6 58
83 62
49 19
33 89
84 60
70 88
8 45
68 11
72 62
51 84
20 26
81 54
26 75
28 57
23 60
58 42
13 40
49 57
