901 1421
1 38 18785
1 266 15788
2 511 559
2 516 30733
2 527 14590
2 568 23784
2 642 23611
2 843 10860
3 406 10772
3 426 4083
3 551 26525
3 568 19813
3 746 10770
4 304 22512
4 312 32165
4 780 18811
5 138 8628
5 403 16602
5 586 1412
6 9 26161
6 90 27605
6 702 20424
6 843 20047
7 658 16036
7 668 5483
7 814 31516
7 853 1967
8 174 26186
8 344 2805
8 566 4181
9 389 22217
9 431 14194
9 792 1272
10 609 4210
11 384 3409
11 833 32
12 311 12610
12 314 14008
12 315 27184
13 665 3479
14 252 10597
14 328 5555
14 432 5358
15 129 27124
15 875 24253
16 173 23928
17 409 29992
17 901 30605
18 328 24171
19 88 7360
19 254 1805
19 434 28422
19 549 31282
19 681 12602
20 130 19132
20 133 12058
20 210 30000
20 230 16189
20 428 24120
20 599 5421
20 608 23607
20 622 12104
20 628 30344
20 637 17272
20 639 623
20 671 13258
20 719 7540
20 818 14871
21 60 22101
21 481 23461
22 28 29832
22 123 17995
22 245 17027
23 252 25751
23 331 925
23 539 9121
23 542 21126
24 576 7335
25 273 23841
25 518 10057
26 79 1911
26 101 5995
26 412 14256
26 771 869
27 203 11154
27 824 29771
28 357 26789
29 143 17867
29 276 24881
29 387 750
29 420 11622
29 481 19182
29 552 6109
29 829 9793
30 228 20758
30 323 1113
30 425 20480
30 449 22569
30 719 3808
31 351 4008
32 240 24474
32 499 20797
33 108 17336
33 237 25596
33 548 1557
34 262 4033
34 344 14112
34 445 10321
35 120 31986
35 852 14179
36 340 23072
36 366 12371
36 378 32764
37 504 6480
38 409 3017
38 783 32509
39 300 5305
39 302 31534
39 315 8279
40 595 23891
40 596 27720
41 168 4313
41 242 32648
41 502 19517
41 622 17560
42 46 13432
43 76 5774
43 689 1248
43 823 3456
44 73 22329
44 461 19829
44 672 30585
45 489 9081
45 578 16002
46 185 551
46 243 24170
46 317 18912
46 427 6881
46 476 11037
46 512 12793
46 655 24726
46 825 10189
46 826 21218
46 884 25475
47 56 9771
47 229 10088
47 615 16287
48 258 11914
48 687 30035
49 114 31088
49 356 17266
49 695 3458
49 792 12507
49 794 22069
50 670 15103
51 829 11487
52 175 2414
52 334 26773
52 550 3986
52 698 1106
53 325 18060
53 486 12373
54 72 15535
54 157 18403
54 306 5611
54 452 24903
54 885 2352
55 607 19436
55 852 13045
56 781 17168
57 335 8388
58 60 6150
58 689 12643
58 773 293
58 841 6632
59 401 4468
60 242 27931
60 727 30947
61 205 5261
61 327 20361
61 351 8778
61 445 1070
61 568 17645
62 338 12165
62 531 12774
63 195 3469
63 273 24489
63 393 2187
63 581 15334
64 129 8329
64 547 24333
65 107 22079
65 205 22069
65 277 27243
65 352 30045
65 707 1153
65 808 29077
66 807 23640
67 277 12304
68 340 9396
68 448 6821
68 646 18503
68 654 9358
69 195 23762
69 423 21256
69 529 689
70 285 5342
70 452 7000
71 434 1639
71 484 26916
71 794 26382
71 819 18359
72 524 23480
72 561 7363
73 92 16685
73 100 7796
73 546 23127
74 107 9562
74 269 17646
75 480 6722
75 664 27335
76 412 4188
76 442 15496
77 350 29485
77 488 4702
77 674 31071
78 335 25902
79 653 5103
79 691 18611
79 797 11911
80 263 11402
80 790 18890
81 529 10652
81 810 27599
81 842 30184
82 246 19271
82 259 9098
82 319 31797
82 656 22095
82 709 32099
82 799 1422
83 139 21067
83 320 31660
83 630 7303
84 159 8760
84 310 9008
85 140 3220
85 148 20791
85 159 9166
85 179 13485
85 566 25895
85 633 118
85 650 8564
86 305 24737
86 476 15194
86 810 32214
87 129 10549
87 203 22331
87 692 10148
87 774 1847
88 154 32704
88 526 32556
88 832 14125
88 844 30812
88 865 29300
89 156 24379
89 425 727
89 750 31946
89 821 13359
90 332 24075
91 95 12191
91 225 14790
91 303 20544
91 355 7912
92 537 29391
93 104 26497
93 118 1060
94 574 21122
95 180 28289
95 454 23302
95 790 4798
96 361 25116
96 698 3631
96 827 29320
97 511 19728
97 750 2208
98 455 178
99 105 6148
99 236 24434
99 733 10419
99 851 4302
100 778 18148
101 418 29576
101 591 19809
101 674 27715
101 774 11802
101 777 32753
102 253 22423
102 556 11676
103 233 16820
103 244 14344
103 384 6125
103 564 18894
104 159 7059
104 323 4595
104 688 16148
104 786 22239
105 377 7850
105 683 4522
105 797 24325
106 122 25541
106 209 12705
106 211 18737
106 879 2296
107 677 26488
108 532 15032
108 772 16838
109 195 13889
109 234 21356
109 517 22470
109 634 16294
110 153 16988
110 572 17522
110 593 29856
110 841 5437
111 323 28398
111 329 16640
111 538 15451
111 572 29160
111 598 27852
111 753 12981
111 784 27722
111 831 65
112 588 29799
113 481 8493
114 612 20070
115 257 18727
115 416 17535
115 531 7773
116 784 19096
117 167 15229
117 344 31610
117 663 20385
118 446 12360
119 560 8165
119 649 112
119 749 17635
119 766 23144
120 306 29444
120 323 32511
120 440 4865
121 797 30666
122 689 1386
122 882 2796
122 899 21314
123 217 32335
123 521 1741
123 776 473
124 279 28785
124 388 6299
124 424 1583
124 607 30610
124 626 8319
124 655 25940
124 765 18289
124 817 18603
125 239 9129
125 560 16585
126 127 31291
126 499 10778
126 846 13801
127 463 25802
127 497 19349
128 587 2684
128 608 29515
129 392 13818
129 846 29434
129 874 2389
129 894 16832
130 270 2297
130 308 25833
130 652 19444
130 865 11292
131 443 10446
131 510 13233
131 665 11744
132 147 27758
132 656 13767
134 634 29137
134 642 28887
134 866 27967
135 554 26163
135 582 9825
135 738 182
136 409 16999
136 572 5527
136 652 18209
137 247 12984
137 403 18907
137 787 21003
139 498 8556
139 874 28837
140 576 10777
140 724 4774
141 177 20639
141 323 10821
141 342 14536
141 458 3308
141 743 10176
142 322 11478
142 665 20001
142 719 3230
143 314 18335
143 651 20851
143 805 17804
144 153 15886
144 256 18237
144 612 1716
145 618 14922
145 644 13176
145 650 12028
145 828 9375
146 308 12817
146 414 16257
146 645 8558
147 258 14840
147 583 7075
147 711 28984
148 441 2299
149 474 12137
149 873 25176
150 617 7527
150 890 13879
151 429 22088
151 599 7613
151 623 15660
152 156 29555
152 481 4884
154 274 1447
154 625 25505
154 629 14879
154 756 8047
154 866 12830
155 583 25894
155 656 19409
155 717 21153
155 817 26331
157 769 22862
158 717 4514
158 810 13068
159 425 24667
159 468 3976
159 519 22496
159 857 6189
160 479 15315
161 456 5005
162 539 22027
162 720 14199
162 725 24153
163 271 18353
163 315 25604
163 495 13326
163 697 18865
164 219 30565
164 589 22387
165 243 28710
165 837 30228
166 223 24079
166 255 26717
166 481 28596
167 548 5578
168 308 18337
168 447 4710
168 577 29358
169 257 11172
169 645 10900
170 593 6287
170 632 23169
171 238 23917
171 447 10582
171 575 3931
171 883 22512
171 895 16823
172 288 23412
172 334 31286
173 205 13723
173 249 26020
173 495 5774
174 324 27209
174 392 17488
174 550 26695
174 616 25395
174 646 13831
175 306 11127
175 314 18907
175 452 17773
175 505 23670
175 825 11635
176 760 9446
176 855 24305
178 225 1667
178 306 30027
178 361 30728
178 494 2832
178 823 20386
179 208 24237
179 786 25784
180 196 15741
180 427 783
180 510 25784
181 571 13180
181 813 10407
181 900 20879
182 219 11750
182 635 20904
182 636 28871
183 216 5517
183 248 11380
183 500 17228
183 697 27339
183 716 5553
184 188 30791
184 198 29202
184 241 31718
184 684 20263
184 899 13904
185 630 23742
186 224 11415
187 223 29984
187 752 15809
188 761 13529
188 879 25721
189 259 32438
189 750 7146
189 779 29587
190 743 26878
190 796 16339
191 398 32490
191 414 16889
191 890 1543
192 464 29933
192 608 17980
193 792 4269
194 251 12426
194 253 10243
194 269 1315
194 873 29994
194 885 32736
195 236 5349
195 329 16070
195 541 4653
195 581 27909
195 755 30666
196 559 15570
197 352 27091
197 354 20987
197 380 3541
198 272 31486
198 372 30704
198 427 11708
198 845 20171
199 329 21217
199 457 5255
200 434 24315
201 590 7846
201 786 19590
201 808 16077
202 285 11936
202 570 10597
203 212 693
203 481 13498
203 568 19824
203 597 23433
203 774 11928
204 594 27500
204 722 9070
204 764 23935
205 516 3485
205 552 23541
206 341 21090
206 431 19462
206 568 6522
207 748 13474
208 259 25161
208 266 20911
208 427 15680
208 517 12196
208 790 31161
208 824 9336
209 340 7190
209 552 16051
209 816 11231
210 720 29170
211 330 3031
211 617 3758
211 818 5325
213 413 12392
213 875 32221
214 298 4298
214 519 966
215 322 30784
215 367 31175
215 489 14284
217 294 12466
217 481 6233
217 774 21117
218 365 20736
218 451 31595
218 657 26094
218 667 4708
218 773 29326
219 313 2877
219 353 20760
219 543 24602
219 592 31054
219 848 1544
220 641 18226
221 263 25975
221 430 23886
221 754 20423
222 232 23823
222 459 401
222 477 24717
223 598 30107
224 428 12028
224 436 15127
225 527 22799
226 534 7024
226 888 11458
227 341 2978
227 352 12545
227 574 5498
227 673 7108
228 846 22565
229 479 24829
229 527 10563
229 624 30113
230 895 29318
231 555 3494
231 557 15028
232 312 23486
232 389 28709
232 615 28185
233 360 24009
233 370 2090
233 484 10189
233 746 11428
233 856 28676
234 344 11894
234 481 12572
234 491 17896
234 880 12915
234 901 2259
235 316 21691
235 446 13599
235 587 14894
235 774 27751
235 840 10038
236 545 13508
236 572 14695
236 610 24759
236 659 16998
237 291 5856
237 631 28517
238 663 17949
239 270 18463
239 295 9599
240 249 30513
240 869 6243
241 365 630
241 403 13220
241 815 11794
241 828 11108
242 282 750
242 655 16798
242 751 12254
242 896 22917
243 468 20980
244 775 7400
244 793 3410
245 364 23487
245 454 13395
245 540 30253
245 606 25194
245 861 11557
246 316 14704
246 366 13214
246 386 5682
246 690 21100
246 834 5547
247 562 659
248 826 89
249 681 10797
249 769 21950
250 257 11111
250 613 25070
250 734 5231
251 312 22492
251 332 17769
251 494 28999
251 593 23437
252 430 6234
252 711 14666
252 896 26312
253 557 2322
253 863 30468
254 274 21147
254 320 4275
255 418 12798
255 809 7710
256 296 31128
256 561 30806
256 646 3298
257 302 1989
257 481 10760
257 745 9058
258 345 15316
259 448 29514
259 500 23312
259 600 10211
259 900 28990
260 403 13622
260 425 31213
260 633 25864
261 323 16576
261 530 25668
261 535 21911
263 713 18775
264 741 3259
265 443 19272
265 871 19329
266 292 25428
267 313 18584
268 478 4408
268 709 27409
269 290 14409
269 518 23996
269 591 7178
269 854 23185
270 275 14780
270 377 4123
270 379 18381
270 490 19938
270 849 25735
270 863 17533
270 885 11103
272 282 30615
272 530 16760
272 614 25402
272 780 7609
273 707 12387
273 877 13622
274 537 18484
274 554 8352
275 480 11234
276 365 11391
276 391 15859
276 578 1222
276 585 5542
276 753 19271
276 859 8730
276 885 535
277 283 28760
277 338 25289
278 402 29825
279 600 2856
280 579 9231
280 827 1269
280 864 20604
281 362 24030
281 437 8104
281 526 978
281 714 21806
281 836 29335
282 401 23990
283 461 27559
283 866 13119
284 340 26038
284 357 12813
284 426 30866
285 479 26667
285 703 18866
286 646 19028
286 866 26970
287 682 10946
288 410 8960
288 543 27612
289 547 22845
289 792 22392
291 352 31543
291 480 3503
291 482 4529
291 703 13668
292 696 22670
293 761 27659
294 304 32322
294 441 14253
294 493 13013
294 855 14249
295 536 4865
295 848 17725
296 659 92
297 720 4190
297 810 16574
297 870 6591
298 474 1333
298 507 7408
298 522 3788
298 741 15897
299 351 25758
299 359 10584
299 390 30175
299 716 19928
299 852 12847
300 417 19361
301 306 4531
301 341 9874
303 469 18861
303 746 5812
304 396 15445
304 563 1802
304 638 529
305 477 30021
305 631 14692
306 369 326
307 389 4775
307 558 29132
308 412 18511
308 528 22776
308 632 29262
309 584 8486
310 690 16190
311 814 27655
311 898 26361
312 421 2636
312 748 13108
312 811 30956
313 717 17712
315 649 31245
315 826 14010
317 617 21307
317 745 24497
318 380 8384
318 596 7761
318 736 1662
318 822 1256
319 509 10257
319 568 555
320 490 14397
321 429 18303
321 802 30344
324 330 31310
324 624 21195
324 828 18111
325 567 14744
325 713 11948
325 842 27559
326 352 26348
326 394 17254
326 878 17177
328 334 2585
328 772 3458
329 338 1855
329 601 15919
330 379 500
330 387 16215
330 503 30373
330 885 28035
332 680 17085
333 739 28822
335 391 20846
335 444 30059
336 885 29803
337 380 30273
337 395 8416
337 456 12750
337 590 22475
337 662 25381
338 711 11138
339 580 4385
339 764 9769
340 401 17833
340 506 2649
340 869 6021
341 504 11856
342 704 23088
342 725 29934
342 739 24658
343 882 11672
344 548 29198
345 684 22002
345 713 9643
346 803 27861
347 474 7885
347 663 915
348 557 11789
348 748 15798
349 449 15103
349 535 13108
350 670 4976
351 405 25939
351 575 19598
352 626 6820
353 660 4965
353 788 18559
354 701 19166
357 571 26866
358 404 27838
358 770 15480
359 430 29257
359 433 19373
360 501 13659
360 819 30935
360 825 12573
361 412 5264
362 686 23597
363 826 24135
364 498 10938
365 581 32258
365 742 11589
366 406 400
366 617 8614
366 891 25535
367 435 3635
368 477 1377
370 731 6723
370 770 3781
371 390 28489
373 759 6924
373 852 22905
374 494 876
374 599 28366
375 412 14789
375 555 13175
375 587 7190
375 853 21696
376 649 1835
376 858 19862
377 571 17963
378 880 11360
380 430 27216
380 543 9278
380 579 25181
380 629 27504
380 675 32255
381 799 1809
382 602 4051
382 621 17348
382 653 13717
382 689 318
383 431 3291
383 554 20925
384 419 27059
385 663 27823
385 671 25803
385 871 32179
386 482 17148
387 470 12724
387 760 14671
387 857 9735
389 734 8963
390 407 7248
390 623 22204
390 679 15352
390 845 8832
391 426 29784
392 506 6150
392 669 4466
394 639 1302
395 501 12410
396 439 22766
396 597 5584
397 705 10589
397 877 1498
398 402 5777
398 595 21645
399 823 29538
399 884 4857
400 532 1678
400 599 12772
400 789 25097
401 471 30299
401 639 539
401 695 11584
401 819 24338
402 442 30241
402 670 17178
402 719 14601
402 801 13597
403 810 14786
404 435 11819
404 723 9171
405 435 1544
405 437 12532
406 418 25722
406 769 12989
407 527 16659
408 701 11494
410 757 5363
411 649 21907
412 493 23702
412 569 28309
412 864 25526
413 455 31730
413 471 21786
413 516 6397
414 882 12989
415 633 9827
415 657 28390
415 839 8565
415 871 30132
416 495 22061
416 899 15639
417 578 3077
417 589 27629
417 630 5967
418 552 3663
418 690 30836
418 732 24723
419 669 17137
419 808 15311
420 459 16508
420 781 18141
420 892 13061
421 433 29871
422 719 20308
423 476 22425
423 617 17703
423 692 12138
423 843 2245
425 462 7412
425 718 14994
425 847 22845
426 721 1995
427 498 6505
427 664 27683
427 820 26534
427 861 11264
427 865 18553
428 481 28139
428 500 21764
428 616 6853
428 718 11132
428 740 29104
429 651 14369
429 676 9208
430 467 30021
430 488 7121
430 576 587
430 748 1568
430 871 5826
432 560 17008
433 815 16144
434 832 9360
436 463 21149
436 736 16049
437 519 20673
437 599 5598
437 690 22297
438 486 20873
438 570 19579
438 651 29284
438 745 30570
439 608 25165
440 527 26462
440 660 23672
440 889 4292
441 635 17565
442 479 23718
442 889 23156
446 612 21167
446 672 12949
446 901 8350
447 555 13061
447 792 6764
448 525 18694
449 562 28377
449 767 12092
449 840 32191
450 641 11955
453 474 4867
454 511 11388
454 616 10647
455 723 3248
456 712 14273
457 497 19602
457 579 23968
459 637 12045
459 811 26051
460 588 1857
460 637 14777
461 793 21304
462 636 23214
462 806 16617
462 886 9098
464 530 9595
464 895 19439
465 607 12554
466 740 1524
466 815 21655
467 485 29562
467 837 17548
469 686 11534
469 744 19770
469 838 26048
470 628 14474
470 693 22131
471 642 10179
471 764 31921
471 853 26855
472 501 17947
472 632 1097
472 890 20200
473 485 4764
473 835 25495
474 486 32079
474 777 820
474 872 32500
475 735 8630
475 878 21151
476 759 26645
477 716 26935
478 591 4594
479 718 13391
480 728 10037
481 643 26500
481 747 22451
481 845 24835
481 882 7952
481 885 30507
481 898 12312
483 751 29373
486 599 29102
486 652 27483
487 549 2056
488 711 1012
489 684 22299
490 803 22443
491 582 21568
491 834 9108
492 609 22380
492 889 6012
493 548 22423
494 724 20891
495 848 29271
496 757 29889
496 798 7996
496 812 14129
496 867 10046
497 785 1398
498 520 24993
498 724 28797
498 792 28241
500 697 21459
500 775 8797
501 822 8033
501 898 15446
502 584 13066
502 737 14059
502 800 13268
505 607 23415
507 643 1504
508 900 12430
509 631 28766
509 698 12074
509 754 25592
510 762 17642
511 515 6984
511 619 13726
512 696 23559
512 876 14251
513 713 5024
513 743 11041
514 517 1463
514 700 22705
515 528 19702
515 558 21433
516 561 11319
516 872 3403
517 534 15025
519 557 964
519 802 19699
521 708 32234
522 541 133
523 635 7189
523 862 27717
525 560 32574
525 710 2769
525 812 6228
526 613 5054
527 543 31330
527 870 28632
529 584 27135
529 661 836
531 573 6881
531 622 26233
532 655 6023
532 795 17779
533 845 19909
536 808 4166
536 837 18143
536 893 7779
537 657 9885
539 825 18413
541 645 7335
542 884 333
543 616 14789
543 682 23970
544 557 18960
544 582 31474
546 584 7561
547 873 16900
548 829 23133
548 843 11618
548 858 29428
549 563 23053
551 712 14706
551 893 19360
552 768 29783
553 565 5907
554 747 25604
555 568 22552
556 634 31340
556 790 12246
559 570 29169
560 862 29630
561 791 14109
563 642 28608
563 781 1123
564 611 31878
564 687 1826
565 774 11486
567 808 8079
567 878 15480
568 761 17537
568 839 13480
569 632 13569
569 759 15468
569 850 3872
571 766 21961
572 729 26042
573 766 9871
573 833 12224
575 850 11555
575 867 22047
577 612 15640
577 774 9501
578 670 23739
578 887 27499
582 715 7700
583 865 4946
584 611 2110
584 678 14124
584 843 29378
585 666 4388
585 824 11523
586 861 21666
587 604 10471
587 612 12731
588 898 16676
589 808 16929
590 894 2912
591 646 12575
591 748 13519
591 891 27792
595 675 26192
595 685 26593
595 767 17234
596 691 5914
597 808 13438
599 808 18093
603 629 30752
603 658 10182
604 811 8008
604 877 23451
605 800 2670
608 772 9958
608 897 32090
609 661 20483
609 804 31140
610 707 15720
610 785 3540
610 816 6116
611 707 28637
611 862 21988
614 617 22765
616 876 6593
616 877 9681
618 676 24531
618 734 26409
618 895 11629
620 666 2680
620 777 20307
623 726 19341
624 689 1304
626 758 18081
626 828 21701
627 781 16389
627 801 5005
630 854 7094
632 838 3778
632 876 19768
636 825 29746
636 885 5670
637 860 29473
638 789 18667
640 811 19149
641 671 26888
641 764 7156
642 736 8535
642 865 8127
644 888 29243
647 738 10515
648 688 16038
654 737 13173
655 684 9367
655 696 22583
655 885 10738
656 715 5861
659 694 13491
659 801 11606
659 899 27917
660 728 28352
661 769 18169
663 805 6781
665 829 29524
666 708 19030
667 885 28102
668 829 250
670 730 10397
672 674 4135
673 758 22287
673 792 32266
673 797 16058
673 835 27615
676 689 27660
676 690 15878
676 801 15267
677 753 7135
679 775 12659
679 792 24342
683 783 16612
688 782 4051
693 699 29627
693 749 118
693 823 25610
694 722 30184
695 796 19041
696 738 11989
696 771 16519
699 718 14940
700 845 11620
701 723 19440
703 898 6860
706 740 31866
710 812 2806
710 893 12954
711 714 27753
711 788 8872
713 808 9611
715 833 753
720 818 2907
721 792 23776
723 813 18861
727 837 18948
727 861 3966
730 839 3214
730 882 12065
731 739 3004
732 738 9756
732 836 19472
733 883 18071
734 816 4719
735 845 21457
735 868 30693
736 807 20386
738 765 4240
742 868 11345
743 835 11071
747 890 30577
752 808 30298
753 863 32353
754 777 19147
754 823 16615
755 776 11222
755 835 4920
756 831 31726
757 808 17555
763 885 24894
764 790 18099
764 830 19856
765 888 12430
770 843 10044
774 806 2716
774 888 29771
776 871 2733
779 886 31417
786 885 10754
788 816 5507
788 827 20756
795 877 11270
798 839 4024
800 858 13081
807 898 26194
812 853 9884
821 829 8167
828 874 27070
835 842 5436
839 859 29656
840 887 25742
843 875 22256
844 865 3514
845 852 24008
845 889 11573
846 858 27041
857 864 19968
873 884 14348
875 881 9680
879 885 13584
880 885 9413
887 894 13093
570 999
1 2 3 4 5 6 7 8 9 10 11 12 13 14 15 16 18 19 20 23 26 29 32 33 36 37 42 43 45 46 47 48 49 50 51 57 58 61 67 68 70 71 72 73 74 75 76 77 78 79 80 81 82 83 84 86 87 88 89 90 93 95 96 97 98 99 100 101 102 103 104 105 106 108 109 110 112 113 114 116 120 122 123 125 126 127 128 129 130 131 132 135 138 139 140 141 143 145 146 147 148 150 151 152 153 155 156 159 161 162 165 166 167 168 169 170 171 172 174 175 179 180 181 182 187 189 190 192 193 194 195 196 197 198 199 200 201 209 210 212 214 215 216 217 218 219 223 224 225 228 229 230 231 232 233 234 235 236 237 238 239 241 242 244 245 246 247 249 253 254 255 258 259 260 261 263 266 268 269 270 271 272 273 274 276 281 284 287 288 289 290 291 293 294 296 297 298 299 302 303 304 306 307 310 312 314 315 316 317 318 319 320 321 322 323 328 329 336 337 338 339 340 341 342 343 344 345 346 347 348 349 350 351 352 359 360 361 362 365 366 367 368 369 370 371 372 373 374 375 377 378 379 380 381 382 383 384 385 388 392 393 394 395 396 397 398 402 403 404 405 406 409 410 413 414 415 416 420 421 422 424 425 426 427 428 429 430 431 432 433 435 436 438 440 443 447 448 449 450 456 457 458 459 461 462 463 465 466 468 469 472 473 474 475 476 477 478 479 480 481 482 483 484 485 486 487 488 489 490 494 496 497 499 500 501 502 503 508 509 510 511 513 514 516 517 521 522 523 524 526 527 533 534 535 538 542 543 544 545 547 548 549 550 551 552 553 554 556 557 561 564 565 566 567 568 579 581 585 588 589 592 593 594 601 605 606 607 608 609 610 611 612 614 615 620 621 622 624 625 626 627 628 633 634 635 636 637 638 639 640 641 642 643 644 645 646 647 648 651 652 653 654 656 657 658 663 664 667 668 669 670 671 672 673 674 676 679 680 684 688 689 690 695 696 700 701 702 703 704 705 706 707 708 709 710 711 712 714 715 718 719 720 721 723 724 725 727 729 730 735 739 740 741 743 745 747 750 751 752 753 755 760 761 762 764 766 770 774 777 778 779 780 782 783 784 785 786 788 789 790 791 792 793 794 795 796 798 799 800 801 803 808 812 814 820 821 822 823 824 825 826 827 828 829 830 833 834 835 836 837 838 839 841 842 843 847 850 854 855 856 857 859 860 861 862 863 864 866 867 868 870 871 874 875 876 878 879 880 881 882 883 884 885 886 887 894 895 897 899 900 
668 734
544 481
540 28
791 534
256 797
338 793
302 780
786 498
148 68
676 482
600 57
819 718
724 501
875 670
149 349
746 380
132 545
69 316
193 436
893 345
301 434
487 886
156 56
112 616
713 486
252 667
15 122
334 209
848 69
862 752
727 594
824 543
297 725
589 812
713 450
247 787
57 814
532 613
446 50
164 105
167 662
704 421
722 385
829 53
45 749
434 562
316 684
400 175
379 64
270 777
310 119
67 581
744 67
236 336
173 336
502 324
111 380
208 35
462 595
102 299
287 788
861 405
552 628
432 567
431 901
97 515
664 128
711 775
676 63
810 302
5 789
305 361
711 457
186 825
778 141
502 386
69 177
826 43
901 309
216 262
731 873
366 787
148 606
781 334
336 6
546 453
8 399
264 19
129 754
378 293
142 85
393 610
722 607
696 359
129 717
374 228
27 123
257 437
368 182
631 316
2 613
318 382
683 22
790 764
827 37
68 332
830 700
650 891
573 682
53 793
899 345
768 393
229 210
726 138
428 631
332 833
82 270
883 40
217 294
866 512
465 144
556 490
8 521
300 633
783 608
161 575
670 596
72 499
580 454
50 451
628 93
661 723
687 672
740 404
744 15
896 406
531 488
226 206
778 802
214 5
838 632
362 624
133 278
186 151
449 456
85 825
236 92
452 677
253 617
642 438
615 566
431 78
651 285
706 744
137 159
648 124
828 472
446 751
515 306
349 145
476 517
666 834
852 79
149 678
618 413
889 227
89 495
205 16
341 261
706 886
116 256
669 505
71 787
85 885
301 564
181 427
763 887
44 505
200 188
810 99
383 169
190 784
287 694
761 99
54 613
51 104
579 358
294 710
54 711
205 183
877 814
389 804
310 809
756 559
42 521
412 165
315 840
646 304
824 692
696 158
38 108
816 33
213 505
388 497
589 415
569 622
324 688
22 805
615 44
477 606
637 154
341 163
78 484
61 615
283 323
549 650
7 162
688 726
512 608
632 578
291 676
630 135
762 360
115 247
271 287
36 141
308 737
467 900
367 563
295 493
479 667
481 90
373 284
837 221
562 788
183 56
35 512
717 614
99 207
614 705
609 808
615 585
706 858
610 771
107 683
384 871
824 734
126 411
777 500
277 522
886 467
520 788
165 546
611 804
715 481
182 108
52 680
99 116
319 777
67 829
724 585
50 345
592 549
874 707
560 70
411 248
162 415
797 654
488 442
402 475
18 738
563 279
188 154
662 69
62 63
551 284
406 287
459 759
827 103
887 359
426 330
581 178
545 229
118 761
606 2
770 420
313 411
512 294
742 849
425 99
716 859
124 436
743 179
526 383
731 68
652 272
782 621
482 647
879 759
101 800
491 538
900 653
641 37
536 750
194 725
88 318
326 773
165 739
749 122
749 646
609 279
129 406
692 890
589 547
538 118
749 322
811 128
330 412
434 361
859 69
565 485
234 296
169 795
60 368
375 586
39 64
63 587
465 345
488 887
27 789
570 230
641 165
559 162
46 527
225 861
609 232
735 66
661 57
254 417
853 496
267 611
221 642
556 7
149 296
537 642
500 844
513 759
441 696
236 34
483 479
416 228
574 808
279 583
715 650
219 804
125 779
540 178
201 241
621 33
656 421
763 554
560 304
439 437
858 294
469 882
252 778
801 725
784 184
280 821
285 545
235 530
813 358
535 542
238 214
320 898
709 841
228 494
440 119
618 241
184 805
783 139
451 250
806 554
316 544
478 503
849 705
436 605
733 276
527 861
230 136
577 337
641 494
488 41
490 697
715 453
25 525
735 257
255 550
58 254
664 189
77 297
160 176
825 13
781 156
20 337
432 371
383 797
169 316
198 379
370 529
263 91
471 73
676 788
524 87
848 573
3 414
450 6
24 168
797 745
2 149
354 674
741 506
163 660
430 60
178 266
191 32
893 87
186 363
564 423
429 192
25 900
157 901
64 141
325 543
613 397
190 457
295 253
601 249
66 652
331 671
146 65
749 886
166 770
159 127
345 596
826 187
614 259
862 489
218 585
495 383
67 708
718 811
209 859
145 571
347 801
437 347
752 748
112 147
539 212
852 285
471 410
648 651
195 251
666 672
681 696
746 368
153 16
106 759
495 713
46 289
87 440
789 846
740 624
306 74
639 864
310 387
387 811
747 249
817 647
774 769
212 201
176 158
593 709
428 41
446 450
528 286
367 818
575 281
356 841
297 340
50 306
227 698
802 648
384 473
794 93
62 389
637 338
228 13
738 639
532 490
57 173
129 527
430 210
403 656
211 687
68 747
596 501
114 111
92 46
742 802
535 809
395 93
216 14
91 172
807 233
118 860
18 358
871 339
620 607
690 425
809 157
53 646
224 342
192 608
601 735
177 272
81 383
884 872
607 879
872 572
553 361
734 288
486 857
151 502
344 270
239 842
791 424
565 319
351 639
63 190
295 451
769 408
5 548
784 498
327 118
289 465
686 63
606 145
180 756
888 21
677 701
697 607
825 422
896 599
556 698
183 421
545 436
635 160
749 205
768 306
295 694
14 34
887 621
711 717
83 651
809 821
51 336
626 652
45 504
455 212
619 269
484 449
620 640
51 733
677 501
891 350
900 204
559 579
465 584
506 681
548 846
792 351
605 757
438 822
754 586
664 235
612 209
280 614
817 583
165 752
726 751
687 78
615 126
323 727
164 414
63 140
588 215
599 452
269 717
258 493
778 861
598 874
812 16
733 643
96 59
111 671
324 141
873 123
323 604
50 792
120 542
637 484
813 471
535 52
872 408
162 897
211 664
539 85
789 722
489 124
56 705
705 594
570 769
77 176
369 254
35 878
6 609
260 23
66 803
456 335
413 229
34 515
316 600
222 122
745 672
472 263
388 25
173 85
724 670
248 550
659 106
117 644
454 557
183 867
260 871
663 713
314 450
281 826
448 746
163 421
415 77
320 328
246 68
563 300
342 884
10 518
233 756
587 111
400 771
568 103
495 371
676 578
301 80
451 225
563 887
757 777
400 160
289 535
621 552
194 810
885 425
407 637
297 39
145 415
875 609
626 180
475 181
558 486
64 41
710 105
178 848
148 540
692 548
347 731
831 2
778 315
269 82
394 190
717 339
880 351
172 868
751 139
271 409
726 315
155 320
36 673
314 826
529 85
254 174
179 715
324 18
631 671
215 846
205 217
161 568
587 877
385 750
485 541
81 211
670 630
426 782
724 863
320 490
372 478
381 545
81 340
619 438
323 255
176 551
261 579
459 247
216 227
208 466
313 767
802 108
568 320
124 594
186 797
573 684
399 868
859 437
635 223
94 808
871 600
328 269
795 428
441 78
261 506
762 864
342 394
663 566
477 197
733 599
808 223
253 588
310 434
777 207
97 131
193 810
140 898
289 378
754 772
868 895
767 764
331 765
487 185
723 55
571 866
192 379
330 413
136 227
493 42
892 510
278 356
692 68
708 795
633 228
699 773
497 870
188 647
438 765
282 625
274 686
98 445
719 288
805 220
230 331
410 680
215 77
569 11
731 479
199 59
669 516
240 687
251 254
698 353
196 429
539 23
871 106
130 354
746 555
633 262
338 197
206 757
901 782
406 867
580 846
194 716
137 767
170 255
852 666
418 675
623 670
221 248
168 175
480 427
285 714
61 445
532 67
477 845
893 533
506 718
207 111
779 317
642 286
193 311
351 303
48 255
760 897
470 185
783 754
511 860
870 268
855 492
543 125
800 832
466 478
872 680
852 856
23 230
619 718
197 510
865 864
171 464
888 631
577 479
533 844
603 833
67 301
792 558
608 785
628 633
668 409
652 26
606 870
47 719
602 311
451 130
372 152
585 95
779 832
448 264
397 384
447 786
713 396
828 280
285 512
768 383
136 890
605 688
302 113
483 32
421 788
368 542
157 753
635 861
71 295
35 334
488 826
752 715
535 248
873 389
640 369
338 243
744 321
112 713
236 388
747 478
774 809
450 132
826 548
545 566
405 866
805 731
147 721
67 405
496 87
313 437
731 796
805 262
58 343
263 477
831 265
799 886
755 377
438 185
222 496
225 838
113 282
242 459
220 131
569 98
856 684
53 500
648 471
716 279
449 5
198 314
509 728
384 207
652 603
595 804
17 363
464 59
431 232
475 279
542 388
473 489
370 218
708 708
845 578
303 255
546 697
671 609
94 427
359 454
293 762
660 578
350 853
697 672
754 572
217 105
82 165
577 501
361 438
144 151
9 207
575 38
748 740
583 139
873 757
230 256
463 244
892 94
589 11
144 736
110 701
361 44
879 874
326 744
886 268
208 104
892 859
290 74
513 371
354 340
323 779
520 734
580 775
458 890
801 519
702 237
95 885
612 823
262 367
751 717
825 304
326 235
543 566
124 125
69 365
778 330
701 735
162 668
598 355
278 527
848 499
120 421
233 34
59 425
764 469
394 707
394 783
210 502
74 340
64 644
272 230
137 323
882 669
340 856
195 791
416 789
295 250
860 380
246 299
207 724
779 343
143 461
108 580
