48153
60600
77112
93516
55499
71364
96850
58481
81540
59808
106866
60752
61027
83991
91669
66769
101207
61001
84255
31199
89971
104551
97849
93779
42381
87967
75694
58714
78655
104272
118634
78278
42542
44634
85226
33987
117016
34184
68698
77926
116986
100884
92852
84908
77828
107792
88332
37529
66156
44555
86300
74321
152347
79331
83580
94387
64982
85746
73723
93741
88415
81446
34057
69431
74137
26712
105303
86492
52689
80923
85914
84279
39465
74122
142161
89902
88847
79954
92833
80958
95407
96064
104623
82302
104622
73921
73647
94091
71275
101266
28971
35764
160764
87536
86155
65893
63220
50317
114582
76436
78722
49499
88485
18099
80339
69766
105480
66027
111555
105868
56169
94556
79146
124831
92809
101647
66769
114005
12466
84522
128100
98196
55433
73531
78143
86621
70307
111197
60353
103786
73897
87559
101761
90138
118295
81787
37089
79503
141755
81211
3778
90441
64024
60597
109163
60366
104308
54196
58932
87219
101378
117769
71396
143780
67677
101076
86773
72727
68860
80197
45794
59797
80115
87754
75902
55984
80466
37651
76532
103606
115544
78719
137097
49218
99589
67408
54150
119231
134396
69029
76179
103995
136804
82058
53297
45013
101873
68064
56547
65278
96291
126816
64722
119753
79897
105349
89263
70443
64848
80633
102862
67874
93414
73294
76621
56523
80451
79324
136641
120071
95464
83341
113002
91007
94185
88343
57953
81239
75424
70252
64337
56293
73852
109063
122012
65349
56226
121557
77671
88833
92783
99456
115733
71455
103649
108203
89740
73101
82021
97935
103972
103412
142323
70388
81027
72582
62135
84446
84993
48000
94948
86933
121075
81704
57118
66334
101520
108829
50010
101059
63289
82706
118676
65263
84466
67251
75203
80062
81864
79648
100094
108521
91065
121691
33559
61474
112121
108882
94376
88053
30658
82174
100533
86400
50536
65368
87643
74535
60353
65520
77006
71866
55302
67569
87022
91745
92061
79575
84210
87759
88462
101211
113382
92181
101351
47624
78209
111468
31818
89860
106691
58460
51247
93258
76001
82180
21163
59491
107408
72576
111812
57684
75738
104734
100676
89882
57158
100473
84463
74812
91164
116197
89604
61157
67317
121128
108438
105031
49205
24013
108628
69683
91088
44483
80895
78863
108444
82612
66600
116172
95751
76968
77407
87216
113221
108094
94651
42900
76558
87241
96549
78811
59791
64864
82544
132121
88410
100877
69017
100881
100355
55870
125075
32380
84380
102539
66769
95537
35405
89656
80310
107862
75502
82401
103697
94735
115852
40178
51489
72974
64116
61533
68349
107861
70562
94126
57052
73476
102331
100962
75188
100613
72093
83384
69912
120694
67081
80403
62231
38015
47281
104716
61166
91431
81533
59624
108164
73370
63001
78773
94638
74497
69866
71348
85518
102077
62591
98039
53874
76709
128063
45342
73223
74461
64731
110248
56681
97395
91424
77308
62044
76189
90444
76665
68262
130617
72962
111750
37669
71678
99871
59125
37850
66228
51745
35155
93314
101555
76971
86881
74610
94637
39793
56351
82240
108935
117384
81914
65638
64019
67973
97961
70681
59660
50895
33692
54931
80307
51647
63839
52607
85427
80767
53784
109074
106975
43601
66173
97761
40963
48562
32030
81440
104612
81826
51364
76626
51276
61089
47802
99405
60530
77865
72930
77161
80379
17050
88151
112458
83013
97095
76769
87670
111953
69005
91358
100502
101795
79320
58625
76451
85646
73966
17980
121404
90464
98535
84161
79759
62451
54710
88663
64827
62215
45325
60813
77620
43793
50113
77004
103422
122976
82455
107166
80727
132614
93711
104424
88442
78658
118256
98148
88657
54240
78341
82634
102363
118188
65373
69271
92914
78408
89563
68780
81168
48240
76499
77555
51983
85035
90312
95703
105203
85666
79246
84187
127346
102536
120248
56223
56469
40875
106188
86179
95319
101314
58340
96076
52225
82835
86191
140353
132270
76668
106298
52029
86938
58466
92195
103500
133769
110303
94678
57688
64403
54117
77819
62606
75837
83133
85298
87278
75625
97579
75712
87674
78541
55690
98796
57606
89374
130049
101043
75614
58002
89425
65556
72551
116658
110217
62283
58413
53284
58461
55948
96497
88864
68619
40115
49531
71809
98259
74276
92884
46392
69372
118692
80119
73602
117705
36352
92787
58053
79427
106694
102658
88673
86399
46803
58831
117958
69781
86894
100614
76197
69336
82151
102051
55091
73298
36296
75418
72988
30537
67765
66649
114202
115948
63897
65633
76923
109682
26001
74273
89282
148989
75688
48805
111989
59090
114423
75720
143041
111604
73580
81054
55202
69951
94268
86452
109219
98577
92623
55065
80322
36918
103562
70498
54058
32783
85078
73410
14397
113533
104902
78489
121141
50898
87364
84222
92270
88538
71871
100700
75452
83974
150571
88450
74623
99216
46074
103192
98090
93504
44651
27804
126601
50681
108582
39743
58981
105941
55390
76091
68884
87381
49442
94144
71522
57273
104408
70153
70598
93311
91229
87829
100123
96120
65314
56497
76399
83180
88977
85436
52710
64035
42809
72877
72740
95130
107933
113769
111473
48121
62932
105521
80239
128091
97567
90434
81390
76633
63532
96570
87258
72266
98305
9121
52274
62528
53135
51144
50028
61911
68466
66131
116127
83349
54112
111723
89815
106640
68013
100588
66729
58156
106316
1070
95758
83718
104256
56896
52808
111343
83824
102496
62818
110780
109810
72363
86939
99753
91275
75368
62599
117307
91828
99906
125735
79314
53746
75369
78388
36262
101101
64631
73855
99871
94989
57396
67970
52406
102838
71861
93758
76531
55176
77657
80594
56818
134107
84341
76462
73034
28633
80494
64732
105505
80806
98323
21242
120938
34317
92360
40561
95215
76404
91838
83912
76862
120574
85626
104707
67977
140637
96830
92505
84082
61886
109117
68543
72982
98759
80139
77144
101594
59099
54868
95591
75654
28497
106335
62986
93957
74447
74530
70037
80243
67286
55219
100887
86924
105524
92780
80703
59160
77529
59320
76679
81798
99331
140351
131116
69930
65120
108600
82773
106575
101259
0
57099
65874
112443
95779
83835
86706
144516
67701
54620
107492
49918
59816
109700
62685
78996
81463
73453
106485
84938
38560
105442
66381
86265
102065
62708
80513
125971
87950
47197
117233
69044
53947
58294
32055
106694
92677
69520
85686
108414
71950
47791
79242
62895
48128
55320
94280
74160
89751
70551
75373
67576
112747
131537
52470
122998
109157
118842
85227
70843
37458
74493
55669
56461
79181
65298
60339
71956
65702
61497
97489
71238
91971
71047
95902
94390
31180
104898
123593
96359
