72532
58825
126429
139767
110298
80187
57006
149796
119812
82356
72131
87466
55926
113542
59937
112690
124113
93243
123223
102312
111663
121139
95512
97764
34766
134939
133018
94686
107092
155348
89547
117879
82672
136827
147471
99328
126769
76174
70236
77708
105328
69208
124119
98000
90682
136081
137654
150086
66529
88640
163636
65775
121970
137430
75107
110250
95292
93803
69637
102143
120210
112885
99574
110384
112815
103233
104630
105890
111267
95664
111852
117470
136126
96917
112074
129343
101010
89630
106589
102970
66123
103293
107273
128443
143099
94956
66093
84304
97515
102102
136203
114456
97181
116843
120884
80335
95693
156126
85313
126370
96561
134434
63878
102374
119129
114039
80586
85371
75112
139924
140288
101444
83344
139315
73938
105079
154189
100699
108093
96594
112640
156710
107756
128978
101750
67571
100101
96596
116886
165959
137691
59242
116815
106202
90627
72737
71761
109182
91788
147932
100029
54743
105628
109200
81271
138198
68569
152369
118005
92120
82074
67088
121628
116844
85333
84635
105781
106531
151413
52741
69328
113454
137739
101740
105057
93035
118670
96681
110607
138313
103368
83508
147955
124687
95127
104807
86075
107022
122805
103930
140344
140486
82930
108073
123243
99528
87470
156432
45381
100720
116113
39119
74848
85316
130913
141264
155921
133072
47577
87675
109015
108896
85056
113836
87917
148433
72672
102716
70767
91032
116120
68848
68116
132997
65222
125646
96405
156367
119217
103237
61024
57463
105069
122962
96000
122971
127111
109359
102305
134192
89455
83769
79662
97226
91702
87059
126888
97797
102524
83430
80959
149883
98420
38106
131098
124340
116501
145170
73164
88874
131361
64883
110068
106791
52659
42198
107228
116801
137176
134634
113176
100903
98888
133713
98416
83068
110317
151670
79874
105008
66308
130479
139933
110040
40769
82910
113789
80757
64528
113230
71257
73589
61841
78018
124635
61565
93943
144949
93427
97981
130495
113269
125810
85522
88880
147895
97837
145224
102411
28643
85848
94681
64261
117507
122966
56483
130523
110080
95215
94429
89374
63775
101585
103084
96525
84196
115152
67524
125517
105269
83422
117270
103182
126216
75265
148877
167034
91143
118093
120869
96932
79728
94900
105740
112729
75345
74512
121425
113571
76740
93426
111408
86389
140748
68250
86323
108386
73550
171608
70921
85069
141462
85409
85968
117174
68936
106994
112816
39845
102217
111985
142503
77865
57458
93679
118541
101051
123875
108722
107738
65025
77609
72480
112840
138657
114033
114987
110478
53915
77197
82108
79514
92612
134608
90739
120208
128400
142318
151528
84950
89005
113945
103580
104138
110892
87098
68355
90075
85394
137121
142002
138357
110081
53619
113686
59386
85865
69799
140049
165539
74725
84119
93561
99226
109533
115965
76209
85624
96133
143780
44400
145707
103581
78094
95451
143178
76491
105624
72274
119083
94987
119335
108365
105722
85237
116328
78806
96554
96835
130439
91852
144610
98414
91648
107269
120741
101864
144706
122967
144499
84157
151174
86875
70413
64988
39933
135488
85045
87152
109868
83990
110547
74018
136825
58792
122973
111287
118879
129178
72254
86673
104021
110306
78161
95405
176761
75416
97943
116561
140582
107133
136468
102688
100797
96271
145705
121446
84947
109679
105482
83380
151513
81529
121094
129097
108412
100679
134845
88031
166190
123947
68047
121578
144596
141666
125526
132071
89121
97876
100390
119589
90091
115251
84536
106766
108381
81277
140661
145537
133037
67560
86340
128644
83716
81623
170565
136137
82967
113023
146828
131304
74936
83403
139437
59560
52624
91157
115697
75451
107420
157299
115750
125067
145899
97086
70600
102104
118499
40429
75835
86380
96726
119800
92258
99338
103481
96261
173605
118153
86705
121516
101415
104582
107705
98293
79385
116596
62883
53698
106087
90755
89333
95088
133381
119125
118932
108684
129805
105395
87860
80000
83374
134266
127281
100699
64386
99596
61878
152873
80151
126433
124364
123025
61882
125979
140742
107370
105563
105202
98772
99090
112140
109478
164893
107711
98756
109268
74609
109572
110073
196842
97100
86390
78974
181396
117913
109616
92206
110815
167235
137990
84564
97831
58991
72466
148506
123789
120441
59797
159978
90866
78788
66052
100849
118170
128189
112554
107181
113953
114844
127390
80933
95972
72077
68276
143627
104044
132466
130327
68564
97607
97522
120668
115871
102113
95206
100279
129312
154847
113609
124925
120582
87519
67605
121348
141095
132776
109938
111277
112023
129555
156064
80845
110687
118008
111800
121241
132861
127099
72327
79134
137078
116462
97802
96616
90946
92395
94984
85800
105003
126527
130862
133705
65101
135014
96897
153054
107594
105381
105809
121856
100564
86887
83529
108920
134984
129534
110572
142713
63775
92911
133503
89508
120413
117298
92293
114038
86173
132833
116338
93712
115569
107331
97547
90593
96067
53099
98583
115285
103861
117430
55392
104982
136195
103456
120233
76939
92844
87774
107670
132334
97369
75294
81668
108733
96130
124958
99601
75960
106765
63937
107118
88029
96605
151260
63577
93603
141802
52435
80544
71357
97525
109271
55799
96461
77886
138107
87035
75369
110772
141780
83841
115700
95183
93900
39754
131207
120729
76292
125059
140733
76767
108270
59531
130928
133275
134312
87870
252842
40222
102751
95898
77938
115360
98606
92334
105276
89290
25739
111015
124162
126037
86200
95232
122348
113560
94702
99005
83023
96512
125529
103040
104322
83648
104544
146349
152551
124692
31964
88386
86279
106167
119799
65593
110669
120835
122887
69745
98054
56345
101066
118161
76966
162845
98788
105207
94211
169482
86273
102691
112794
94822
102842
83344
82015
56206
99329
94905
95313
85741
85397
100356
105498
93689
121056
98262
153618
77385
126197
53017
91882
151903
82049
121386
98558
109030
86761
128874
128681
133711
122215
66396
111845
136019
82558
63434
86448
75321
85071
124780
120005
150773
120212
99113
127723
69397
79825
135272
90693
100348
74120
88807
95285
96044
139100
93172
111036
113699
85496
84062
102420
24990
75626
183265
92100
69693
85986
141845
67413
85826
87940
107662
153803
139326
86622
53413
87468
44298
134134
93839
74580
45999
109257
85668
69743
73674
67619
64327
69185
117401
66099
73566
81430
80262
97705
102887
137914
59778
