60366
61696
92487
57387
44622
110360
48490
77288
85374
85994
89782
11363
51239
81082
65269
72015
34857
62191
62248
108126
57870
91557
46706
109828
87339
58218
33355
68389
140885
44147
105287
64973
91771
62208
72888
58502
98718
59417
127658
78507
41803
88167
71255
35018
91857
86672
94723
57649
73137
48555
68950
82332
82185
67936
60729
80926
116316
82503
71777
23174
66629
75519
104530
41186
73030
37122
58304
62899
114017
95537
99028
83683
77131
14570
101982
74478
90856
117505
103829
37980
86126
81662
104483
69308
57092
100386
65547
70098
48373
91959
85456
88616
82891
59253
57654
73940
10061
80538
47148
93525
133604
60186
143320
82742
71679
73424
99619
68827
107945
103116
70287
75644
82928
96167
116201
97943
41453
77615
72252
89271
59545
68904
62277
98960
61171
58391
113775
22401
50621
66113
53235
67357
74228
122349
85301
92939
83037
69757
86711
26504
62645
96255
104108
99859
77820
33682
86894
77738
68681
59477
43036
63337
86473
48760
83498
8675
104352
75886
79734
75802
56891
85260
50893
141358
48939
82074
49791
36007
71605
52506
78924
56513
38566
85791
97737
71701
78735
87835
64319
58616
97477
60586
53172
37680
84050
57736
79450
59622
54356
82718
77141
87060
72988
43425
72161
76289
67384
112082
49139
87730
67631
49563
87452
65779
59527
62274
105635
92418
65605
54238
73276
90670
77907
77140
91423
83994
64967
62657
58367
78204
83343
79193
93174
57413
66074
126890
65731
51531
60507
67295
71973
22311
74544
58329
102941
86239
70404
95321
35491
52496
43203
104297
106809
71018
27107
64038
72508
67336
57738
86697
84233
98195
28556
64768
91001
64019
48108
108459
93430
60956
61509
62080
72021
53179
74293
69967
105099
106287
76142
109671
98882
76027
96678
63220
67822
60033
56877
43589
100351
44981
99445
63008
97314
54590
58560
52209
68626
73381
83627
87320
53129
75383
93091
51016
36949
44726
72530
130236
31379
75029
70423
35174
37821
91698
60644
69993
110232
70792
80729
20228
68624
57284
90641
59420
80155
38251
69588
17665
69300
94489
44003
64684
73181
87189
112515
56323
100609
63843
64839
67193
74156
45864
52337
82228
78749
77416
50023
133906
103490
93864
66259
91568
104565
104665
69396
29934
54618
85363
61239
111101
81158
83803
57662
42216
106829
93329
70446
65074
70794
52999
73940
74297
67411
87365
106711
61591
30918
47653
59902
55928
65605
58173
64551
95555
67228
63955
43466
56198
58120
79721
72231
70910
57553
86339
71075
77509
100534
74492
77276
95467
74120
96414
68020
57587
66919
66293
87673
70392
76236
88561
75579
49992
78416
58903
62075
96206
57818
111204
101513
70997
64647
37468
64562
75164
60995
64687
66221
71997
61861
47540
77643
74630
30000
86364
70694
73550
56923
53441
91932
67014
75784
62711
56396
83201
106197
91780
67549
88963
88934
55732
70098
73999
72442
28806
120192
63992
39732
73544
64219
97472
83157
84548
55938
46984
92310
77036
24039
58018
92206
70250
37980
56969
92829
58242
90154
64222
62624
81547
49910
54756
77023
61136
39635
69808
81602
85428
52318
75159
40081
111412
65132
83676
78641
106261
115641
76137
50160
91475
87332
92070
97029
58627
55056
92313
60197
74812
80132
93097
66319
37320
56619
76303
94829
93504
88730
78785
84871
58594
76013
119348
69083
56380
46051
80272
117944
122641
72353
41793
71468
89804
40012
64574
106413
77226
61995
71329
59910
83256
107714
68081
69562
48497
98951
136323
60408
78552
56012
84081
47071
81652
57289
105061
62303
112072
66293
55347
99431
79706
45909
51341
64932
35738
83780
66732
78831
75931
32722
83608
82398
51828
84576
72386
53959
57276
76105
101714
75853
46750
74820
92994
96202
63008
60796
68327
74773
55083
62613
72471
45454
74166
73500
106432
26447
102446
100158
51098
72896
105704
85840
84833
64528
77521
68567
65050
97139
74286
60036
76338
76865
64613
85514
64240
83212
60954
91413
48141
86496
79184
41658
89430
96189
55499
30960
61347
26580
65178
110565
29818
69082
105013
69259
144562
73890
52627
80801
65891
72363
80584
69536
61199
57987
82592
94273
49206
72107
61352
64834
61601
84523
64242
73973
37520
54297
81461
54161
71952
40216
60052
69696
114912
78811
46913
59355
109636
54738
97351
30031
87324
48360
93964
71190
104541
83115
100616
76711
47615
69059
61573
73803
11142
69505
81930
84677
75575
66512
26218
73641
116963
84262
59327
88951
126489
68803
81937
79225
98288
74295
95143
63369
91591
66322
84737
80593
91675
69068
48198
50315
60942
29594
58784
92659
40799
82004
52633
117026
75446
128031
48849
80453
77275
105390
61228
81089
88809
84321
78141
70016
85104
81677
79181
73757
73555
69920
27228
110240
104771
62359
80202
66066
54289
102598
42605
91953
74750
89191
84824
67993
73648
79805
85611
46933
73538
70290
101622
85025
106227
47721
14882
106266
79097
72333
81875
96628
81200
89217
43866
138270
89751
53446
72094
84334
74591
81552
64392
59613
78180
74283
86711
112508
50890
80934
58624
78067
46983
51027
72743
111783
31347
29760
59132
53193
82530
72218
82401
93796
152332
90327
66160
100636
68944
49554
58831
73465
97034
75711
67137
63364
63477
61231
77770
53104
59536
57079
75717
98211
101359
82208
109015
51988
65203
43600
61490
102699
48247
42959
92865
67147
80275
61889
18966
67591
60753
86923
6567
73618
76189
70192
84835
69028
61918
65057
75401
63906
103014
95682
86306
70275
55367
75214
128813
103640
63999
76729
81643
105291
67776
51119
58648
79829
40958
105755
64185
99425
75969
69667
83143
67376
70256
90272
50749
78097
45035
68021
56323
55727
69643
71835
78786
83282
107170
61037
58941
57618
107094
79863
92306
66874
54898
80302
67124
61283
101013
72885
81286
55319
82687
94912
56192
48083
121279
94016
82631
111659
54135
73023
47853
115930
103783
97504
53997
54453
68508
93449
110949
40872
81087
78975
111989
127972
70411
103102
65240
