99 982 909
43 25
27 47
13 48
90 76
43 47
52 14
61 7
42 85
83 33
4 3
35 93
25 6
64 27
27 57
26 75
42 3
61 3
8 63
53 66
81 71
2 69
79 62
28 81
97 61
53 82
66 79
34 66
94 17
52 8
14 27
21 79
70 69
8 75
81 6
56 70
32 73
42 60
72 45
31 56
91 44
35 73
16 97
66 7
91 67
84 28
9 96
57 59
92 38
26 63
33 8
44 25
46 12
61 7
75 59
28 1
62 63
9 35
31 25
23 3
52 54
7 63
94 48
30 64
10 71
56 39
25 6
83 7
9 70
70 69
57 23
49 22
86 59
99 7
39 29
56 20
49 47
39 21
13 4
4 45
25 6
11 64
36 38
99 19
34 36
32 14
16 48
30 75
3 59
60 85
34 55
82 23
8 21
2 48
16 85
45 85
58 46
54 7
83 53
40 1
4 60
85 6
3 59
2 38
29 36
12 27
47 61
73 20
55 60
79 61
44 75
35 74
45 44
80 54
72 61
57 63
27 73
18 96
50 28
25 59
79 67
38 7
71 63
46 66
69 26
12 63
10 7
95 35
2 12
7 62
36 74
94 34
45 82
53 38
27 72
98 95
45 85
8 9
36 13
12 75
61 63
28 82
36 46
49 32
22 93
70 67
98 39
7 45
37 82
44 59
36 38
68 82
9 62
14 60
67 59
71 60
24 36
39 21
25 6
56 21
88 42
87 77
9 37
75 59
32 55
90 48
19 98
83 33
76 20
18 44
94 62
5 63
1 59
62 3
39 48
63 60
98 77
11 22
77 74
36 10
21 20
39 35
99 57
2 54
15 45
78 7
66 37
21 25
5 62
13 68
68 15
75 59
76 42
19 28
24 91
81 34
90 66
78 79
39 41
47 25
77 65
64 7
98 47
25 6
3 75
13 59
93 71
66 85
22 37
41 62
77 54
22 39
18 36
53 25
51 74
90 65
15 63
70 62
49 4
52 92
95 81
56 72
63 60
43 51
13 44
45 59
4 60
4 6
20 85
72 60
98 23
26 9
11 85
37 42
74 38
49 7
68 44
70 20
41 68
45 82
4 6
40 77
27 74
75 59
37 48
9 42
24 17
47 48
67 6
59 6
22 5
46 66
21 64
34 68
5 4
80 91
33 14
95 8
74 69
25 6
21 73
26 23
98 17
55 25
18 1
74 57
80 43
96 45
14 18
53 7
33 68
86 50
10 63
8 66
39 44
55 59
82 85
67 47
96 15
73 66
54 75
37 7
48 4
10 27
63 85
38 44
69 59
30 7
27 53
3 6
14 5
12 76
39 36
94 16
45 44
81 88
63 20
4 71
39 29
61 82
30 27
70 25
15 76
49 14
54 90
24 39
15 44
28 39
36 54
60 6
84 21
41 45
28 65
36 73
55 85
34 75
47 68
66 59
11 32
11 1
29 1
55 25
38 20
81 23
86 81
94 20
71 55
20 6
71 55
56 70
70 67
30 52
96 59
45 82
45 60
29 75
23 44
46 88
23 59
79 60
13 59
16 18
11 47
16 1
4 55
3 75
36 26
2 41
33 1
92 49
24 83
6 24
73 77
54 90
38 55
40 69
94 22
24 71
84 77
21 35
65 59
44 3
69 44
20 23
10 93
55 44
65 88
70 76
22 61
86 41
1 27
20 59
46 44
42 45
50 16
14 60
77 69
89 77
74 70
38 20
3 75
15 37
62 20
16 42
71 3
75 59
19 78
89 69
15 42
38 85
82 3
70 69
1 12
68 60
50 62
78 96
72 88
14 13
4 88
16 93
17 41
3 75
82 85
30 69
17 46
70 3
54 3
70 67
83 47
87 82
18 64
83 70
36 14
35 72
9 5
46 63
56 42
2 44
14 51
23 6
63 82
45 23
24 96
58 45
70 3
14 15
45 59
17 16
52 24
92 57
64 48
39 74
9 55
16 59
2 44
52 29
84 61
82 55
43 25
78 56
86 6
55 75
96 43
31 10
26 68
81 10
48 4
21 44
26 63
22 12
86 51
17 25
95 21
17 10
43 44
97 61
65 43
5 37
51 25
28 21
96 63
40 92
95 66
57 5
63 25
57 63
81 59
32 1
77 69
32 26
36 48
32 26
87 43
35 67
56 80
16 93
92 29
68 45
4 63
3 59
3 6
95 72
32 65
14 6
47 4
32 45
84 87
9 36
86 85
27 53
5 76
72 47
46 69
95 97
87 45
66 55
38 37
86 81
15 63
50 78
48 44
16 71
80 97
26 6
43 15
79 23
59 6
29 44
98 82
80 28
20 44
14 12
41 67
61 60
59 6
81 40
48 20
45 25
67 15
49 26
97 11
10 21
12 57
76 72
11 76
67 15
52 43
17 97
97 70
9 45
96 5
54 6
97 75
4 42
83 32
58 14
87 73
25 59
31 70
50 55
79 55
60 85
81 15
15 88
86 3
8 66
14 47
11 5
81 40
21 55
63 60
5 76
57 79
72 59
33 29
48 55
54 42
97 68
59 6
35 12
1 10
14 88
49 1
37 82
91 53
86 52
48 85
67 23
1 26
72 66
23 3
70 79
34 64
86 68
14 3
93 5
72 59
22 41
30 71
13 62
27 65
79 44
72 6
89 94
85 23
10 53
88 42
53 43
83 27
4 60
95 96
79 59
99 76
36 70
91 98
30 60
31 4
59 6
61 68
22 36
54 65
16 85
1 65
49 23
83 27
23 3
42 75
53 15
49 45
16 41
59 6
53 6
96 4
91 35
92 89
82 25
13 55
61 85
20 42
84 74
35 71
91 66
19 15
59 6
57 55
18 22
94 8
87 76
18 34
4 25
79 68
63 6
76 75
46 54
21 67
49 32
18 65
42 82
46 96
97 8
73 61
84 86
34 77
9 18
47 38
7 59
73 14
32 26
37 85
35 60
1 34
9 4
45 59
73 60
57 63
52 6
77 26
51 26
27 38
22 26
86 5
84 80
71 7
35 54
52 39
45 82
90 42
58 53
26 23
57 44
21 2
13 37
27 15
75 25
80 94
61 6
67 59
39 62
61 62
8 1
71 3
76 72
79 3
18 70
87 25
87 58
64 93
36 27
44 59
79 4
1 23
48 20
23 59
46 88
14 74
55 60
56 8
16 59
66 61
4 63
48 25
98 43
47 55
89 94
88 3
19 43
88 71
75 25
68 22
56 41
68 37
81 33
97 3
73 45
36 15
75 59
7 62
68 75
68 88
45 6
94 76
93 58
83 59
16 43
3 25
40 27
4 25
66 55
4 45
47 71
70 45
9 7
81 25
68 42
72 37
57 42
12 73
37 44
72 82
40 89
62 25
93 76
26 3
57 7
12 68
44 59
9 73
15 25
5 60
93 42
94 72
60 44
50 33
2 47
19 92
68 59
77 69
27 51
13 60
56 42
90 23
78 76
71 42
62 82
58 68
56 13
14 26
45 3
62 44
44 3
84 60
17 16
61 13
32 18
45 23
86 7
53 13
52 1
84 83
36 14
78 93
43 74
63 75
9 90
24 27
78 19
87 38
34 36
66 44
9 42
95 16
34 47
87 90
58 59
62 59
67 63
77 76
62 59
30 58
12 27
9 10
90 7
66 7
24 26
83 66
89 71
80 76
56 92
93 66
94 4
32 20
11 26
66 45
14 3
81 46
54 72
94 59
22 61
7 44
59 6
10 71
3 59
26 4
31 6
19 80
22 47
77 42
65 26
98 65
46 2
37 45
78 60
97 21
93 42
96 90
3 75
84 30
65 47
64 27
17 5
74 76
68 3
19 97
15 55
22 77
37 6
64 35
17 93
46 43
50 99
41 71
27 5
26 4
70 67
23 6
89 54
29 66
80 10
11 46
11 21
22 77
60 23
87 42
59 6
8 49
86 36
60 59
44 3
71 3
84 49
18 35
11 22
37 48
11 18
87 53
95 49
28 30
13 62
39 67
68 60
30 9
74 6
13 44
94 14
46 5
18 76
8 29
89 77
61 4
21 90
87 50
26 57
22 20
77 63
67 68
25 59
58 72
26 5
60 44
45 60
64 15
14 4
81 69
55 60
84 33
18 71
33 39
31 73
18 65
58 72
11 29
41 14
53 54
37 75
38 61
93 61
96 53
63 55
5 71
85 23
64 58
77 96
67 47
17 15
90 3
73 15
87 31
61 13
53 70
3 75
50 39
31 86
15 4
33 8
66 4
65 43
9 49
4 85
22 21
57 47
90 74
74 61
54 43
33 4
28 10
90 72
61 48
33 38
40 14
59 6
44 75
38 82
49 25
95 61
75 6
67 42
26 45
99 56
64 67
24 94
88 25
50 19
19 13
71 7
75 6
1 23
9 90
94 90
37 59
61 75
86 76
2 55
16 87
7 63
3 75
74 66
31 92
65 59
65 20
86 17
88 55
9 48
11 83
49 58
70 59
22 33
87 73
41 27
30 39
10 40
78 21
46 48
95 2
3 2
65 40
48 34
5 12
51 65
38 92
98 53
84 10
34 10
18 27
14 66
59 6
75 35
27 84
93 25
90 5
81 77
85 41
50 34
48 32
66 50
71 3
21 40
37 86
88 27
80 2
21 29
44 98
98 6
79 73
59 8
41 95
2 20
88 21
74 77
79 50
16 25
33 39
68 32
99 13
74 48
47 78
73 32
88 41
60 74
19 86
59 24
82 29
21 40
2 34
83 12
38 75
42 21
64 6
30 33
56 22
88 87
53 10
96 77
63 21
48 21
62 94
39 53
89 39
13 12
83 48
89 68
87 32
43 73
9 45
15 4
16 3
83 81
58 26
6 86
88 18
65 16
14 21
22 47
27 63
9 45
74 4
92 15
38 44
40 29
60 24
96 33
57 94
13 12
98 32
35 98
7 83
11 20
82 27
12 98
15 86
11 10
97 94
15 98
20 29
66 99
43 91
62 10
85 76
1 94
42 98
36 32
57 71
8 7
22 44
85 27
67 72
58 96
4 87
25 53
84 10
21 40
23 60
94 78
25 40
3 74
45 60
96 54
3 9
30 74
70 35
87 20
14 2
5 17
82 34
20 84
70 83
1 58
79 55
86 36
84 21
25 24
48 84
85 21
44 54
10 29
63 21
86 29
96 82
65 80
54 81
97 6
20 18
96 55
93 14
70 1
38 86
60 82
32 29
66 86
10 63
8 52
27 21
82 27
83 45
65 47
73 63
95 10
16 12
20 84
95 20
13 77
72 27
58 35
66 36
95 74
49 44
72 12
68 74
99 68
95 72
8 30
2 20
99 60
19 93
35 21
4 10
72 84
57 65
14 24
74 15
33 87
91 67
80 54
95 26
92 58
25 35
67 64
3 73
53 18
40 29
27 21
52 44
66 41
14 84
94 73
18 27
73 18
45 60
84 40
5 71
81 6
57 82
81 27
9 63
55 2
22 78
34 29
67 12
11 36
59 6
45 94
85 4
81 87
24 62
54 98
64 2
6 40
70 56
2 20
80 33
45 32
41 10
77 36
78 77
23 10
6 2
5 18
22 21
10 21
97 61
41 35
4 63
79 63
59 94
52 85
60 47
25 12
85 90
23 38
41 87
93 22
18 40
5 16
39 18
80 73
22 62
46 78
87 84
23 83
80 68
44 33
94 36
60 32
52 57
17 94
59 86
18 29
3 74
23 43
41 48
33 27
69 44
75 80
70 45
19 98
89 48
70 79
77 53
99 6
41 24
94 84
22 12
54 20
50 4
77 39
3 48
7 68
50 15
35 86
86 27
92 75
83 55
14 68
43 63
35 44
45 62
51 22
75 24
49 20
50 53
20 10
26 10
98 39
8 97
53 20
24 35
9 24
53 34
68 62
51 57
14 51
67 15
31 61
7 69
17 46
63 40
92 57
52 95
57 48
96 36
11 9
32 2
61 4
36 73
41 36
71 95
99 77
27 84
15 2
58 75
13 39
60 96
81 48
50 13
73 20
69 53
95 82
23 65
15 40
98 62
22 15
16 62
48 53
62 82
63 40
15 62
40 29
57 81
34 63
79 5
76 96
4 33
34 21
66 54
32 82
44 33
39 21
82 21
82 53
77 40
36 10
23 12
61 50
77 27
40 29
40 29
21 29
12 78
94 39
71 2
89 44
11 85
14 40
63 40
86 2
24 10
25 68
79 51
82 29
14 65
97 31
34 21
72 4
93 89
92 87
46 57
34 29
36 48
31 18
73 20
37 64
25 94
56 80
60 80
40 29
16 62
96 34
92 71
76 96
64 21
19 47
77 63
3 94
86 32
12 32
63 29
81 84
60 96
4 18
85 4
37 93
80 81
96 36
20 84
92 65
49 73
93 36
67 88
31 79
71 62
93 24
39 86
85 10
55 2
25 74
95 87
79 73
77 10
36 48
47 36
15 33
34 21
71 47
75 77
30 2
43 84
98 29
93 78
3 32
32 27
37 81
90 36
15 18
71 86
60 40
13 98
44 62
89 82
37 89
32 82
10 40
58 96
59 43
60 67
12 84
3 33
77 84
78 48
33 63
74 88
65 44
45 41
83 82
86 36
71 60
98 62
49 32
70 1
24 98
84 29
55 33
28 43
72 25
36 84
9 45
89 49
68 27
13 9
13 6
65 80
37 66
42 19
48 84
49 55
67 64
92 99
65 77
32 27
58 29
45 67
16 83
89 53
83 78
39 36
26 78
49 23
53 20
48 87
87 21
93 6
26 21
8 74
20 10
22 32
69 35
61 47
22 55
50 29
25 68
87 82
24 35
32 18
11 7
54 62
79 15
74 18
62 88
99 29
25 22
80 24
78 21
49 9
37 57
98 29
80 96
90 36
64 39
81 2
73 20
34 10
20 10
53 40
48 40
27 40
39 36
99 57
20 18
82 21
73 2
26 32
11 96
19 97
51 89
44 12
15 39
12 15
53 27
95 6
41 18
8 43
49 63
41 55
92 84
97 86
3 56
10 40
13 3
40 29
17 20
39 21
97 42
37 56
53 34
75 54
43 74
37 33
53 27
81 12
83 40
92 60
49 54
10 21
84 63
22 55
53 27
48 27
13 44
64 72
3 26
73 40
92 16
14 27
80 22
97 39
45 70
11 57
65 73
72 74
34 40
63 21
63 21
96 67
7 49
13 94
57 73
33 78
31 37
66 54
99 77
35 78
60 96
32 34
48 20
8 69
34 10
78 36
99 39
38 86
58 68
38 28
59 34
82 27
60 26
75 35
37 80
33 40
85 2
97 50
63 29
2 29
2 10
33 98
51 3
48 27
13 15
64 41
27 10
76 12
59 99
51 84
70 43
74 47
45 98
12 95
5 36
31 54
60 2
70 81
75 87
90 98
9 44
42 55
56 93
2 18
37 23
68 73
43 54
85 77
42 10
59 99
34 10
1 35
7 28
79 22
23 16
65 2
4 48
59 48
77 87
38 92
72 88
76 98
4 82
53 2
84 10
52 60
13 77
83 27
3 10
53 84
86 2
5 39
46 9
31 22
71 13
77 87
64 82
91 86
38 63
35 68
98 94
68 40
80 76
62 78
80 32
28 67
5 3
2 29
97 1
71 78
11 22
21 29
30 42
3 86
8 30
5 94
52 31
27 10
1 7
6 87
46 41
28 58
26 6
4 78
17 74
16 71
25 20
14 76
79 23
23 74
69 86
48 53
95 15
26 6
81 6
28 33
71 50
74 86
36 32
24 82
49 48
8 99
9 39
67 62
81 32
11 22
17 96
9 60
74 81
76 21
31 51
14 17
22 40
91 92
75 29
6 84
46 16
57 67
71 32
4 33
21 40
38 26
18 34
47 44
98 84
43 32
44 33
57 80
2 21
97 52
87 10
67 47
16 53
98 2
65 32
73 84
66 79
15 33
82 84
57 9
86 20
90 1
87 34
23 44
46 57
52 56
74 84
85 84
55 74
47 87
49 57
54 77
47 62
80 76
35 47
2 63
82 18
18 84
92 53
87 40
81 32
53 63
44 33
19 99
6 77
75 5
75 71
22 73
50 21
14 11
99 73
35 22
34 40
66 11
96 68
28 9
35 81
92 41
90 1
85 64
5 25
6 2
19 24
68 22
82 84
43 87
50 6
6 27
30 16
99 69
21 40
9 55
83 94
35 15
34 63
11 41
88 10
42 31
69 74
4 86
41 32
74 40
64 68
12 87
36 29
83 71
9 86
72 94
4 27
61 10
93 6
7 79
13 39
57 62
61 37
97 87
58 98
21 40
70 4
96 98
6 94
72 12
88 34
94 2
58 33
13 54
7 74
82 53
84 34
38 25
26 48
74 21
71 6
17 55
7 39
38 76
24 62
66 73
54 78
55 32
87 82
75 32
55 29
79 62
61 72
41 74
54 86
49 40
88 26
49 73
27 63
52 21
6 94
5 35
32 21
86 63
18 34
41 35
25 15
61 98
88 36
62 88
99 50
45 33
74 34
93 94
69 58
96 10
39 10
33 63
24 54
4 34
22 26
69 41
65 54
17 74
98 94
63 29
58 53
79 45
15 36
24 78
46 3
