98 913 995
44 3
82 83
4 30
18 8
62 82
71 42
63 69
16 46
17 49
3 86
65 86
98 24
91 65
45 60
38 26
98 76
12 87
2 22
40 50
44 62
97 92
12 23
13 84
87 58
65 83
28 86
24 45
59 45
89 35
55 59
2 24
81 8
94 60
1 60
10 57
23 92
19 60
13 8
57 31
47 23
35 36
47 59
39 67
79 76
35 50
54 92
71 85
17 82
55 10
1 86
23 26
77 20
73 11
16 27
62 23
32 56
12 62
44 72
90 45
69 57
46 36
21 11
40 45
31 95
11 82
18 19
57 65
60 86
33 87
35 92
87 40
97 20
94 97
65 82
92 65
14 28
77 51
63 68
89 45
87 74
49 57
6 94
63 3
68 19
68 72
57 92
51 92
80 36
95 86
28 8
21 31
36 92
20 45
22 83
14 73
4 65
62 24
91 41
13 92
3 28
46 22
3 28
36 86
88 51
73 86
19 36
22 41
85 42
5 67
40 16
2 46
68 85
60 86
70 26
44 36
57 97
75 51
21 23
97 46
50 86
57 18
70 52
50 83
94 24
71 86
60 28
93 42
67 8
81 25
56 37
14 36
20 60
59 8
11 3
14 54
55 48
97 90
36 65
91 47
45 35
66 42
91 11
96 85
47 1
81 21
60 86
78 43
64 52
32 95
96 77
89 91
50 3
63 44
66 24
1 19
70 64
95 59
78 23
39 51
58 20
97 31
65 82
95 45
38 29
51 3
80 94
87 91
66 50
54 31
76 18
38 62
67 24
25 21
76 68
89 7
3 8
52 94
51 1
81 37
74 97
96 42
25 80
46 73
58 59
77 27
54 3
7 95
85 62
88 17
10 37
70 3
4 90
72 73
4 95
83 3
56 22
16 45
39 48
2 86
90 37
59 8
62 11
20 35
35 65
19 28
30 51
14 68
91 75
54 39
96 81
12 43
82 60
31 47
53 62
32 22
4 85
10 25
10 16
45 26
96 25
12 44
96 1
37 24
44 30
19 65
15 7
17 28
71 85
69 34
64 35
81 42
94 23
18 60
62 58
7 53
82 86
12 4
70 47
64 47
37 29
32 82
47 23
68 58
6 23
12 45
42 8
45 86
97 20
72 59
56 22
64 31
57 72
45 60
43 50
57 90
95 24
42 50
81 48
43 82
92 86
50 8
21 13
29 46
13 26
4 38
66 20
52 28
68 58
11 50
36 28
33 68
5 61
30 22
3 86
59 51
50 86
93 1
66 19
43 22
44 50
5 58
75 29
9 86
68 93
12 78
19 36
58 51
25 29
43 64
2 41
19 65
26 50
42 82
52 53
55 97
24 36
72 60
13 54
98 13
82 28
46 59
53 50
47 92
31 11
35 83
52 6
97 51
29 41
61 36
51 65
85 29
94 3
25 59
26 3
54 91
44 28
67 73
48 71
52 9
42 19
2 95
7 53
91 42
34 76
66 15
41 59
39 95
13 62
69 58
11 26
38 45
51 45
24 27
67 65
13 16
57 18
95 72
85 19
74 42
98 76
81 66
71 91
45 65
33 54
10 45
32 42
52 75
67 3
81 21
79 77
23 72
37 42
93 37
42 50
15 55
37 11
2 94
13 84
32 39
88 9
67 11
39 43
1 18
64 89
62 29
11 3
59 73
10 13
62 27
38 89
93 28
21 89
57 8
66 38
67 29
36 92
20 26
57 73
94 93
75 83
71 94
75 83
71 5
70 13
13 71
29 92
96 13
63 62
77 64
75 2
83 86
80 67
19 60
77 73
91 8
89 97
58 19
82 50
12 47
51 1
39 48
4 38
89 31
24 46
71 43
2 83
6 23
49 35
16 28
46 59
86 8
1 65
83 86
84 22
33 91
64 89
64 82
74 30
23 19
61 20
89 50
9 1
46 28
39 90
77 51
29 72
66 32
77 33
56 76
55 85
76 14
50 8
49 22
16 59
95 24
26 42
25 45
11 83
92 3
61 3
40 8
72 18
42 18
28 8
87 97
39 67
53 51
75 83
37 31
52 72
43 59
34 20
51 36
93 73
80 98
28 8
56 4
49 83
86 8
38 51
55 48
43 41
95 18
86 8
42 3
5 46
80 48
5 24
57 31
97 18
25 82
25 39
60 28
87 4
49 11
68 46
2 93
24 86
83 28
74 95
57 68
70 94
76 29
70 84
73 36
62 35
18 60
26 8
60 3
29 1
66 72
87 90
13 6
58 29
65 8
84 95
98 82
23 59
83 3
74 36
14 11
59 51
39 3
27 29
59 51
18 8
16 7
95 3
19 92
44 24
98 27
20 86
13 33
51 19
92 86
65 82
59 26
27 36
85 24
67 53
55 7
53 6
11 20
90 93
55 90
65 83
50 28
78 81
30 45
76 23
22 18
32 97
94 46
81 61
23 51
70 82
50 83
28 86
32 75
85 50
49 5
34 30
79 74
20 60
46 22
29 30
64 45
34 19
73 86
52 73
80 82
93 45
20 92
55 46
47 42
40 52
67 41
23 72
95 3
94 28
98 89
64 95
45 83
59 28
58 31
76 57
82 8
35 50
87 45
52 93
10 20
58 86
51 19
35 65
51 35
28 8
84 51
39 41
87 93
68 50
58 2
20 42
73 42
41 3
33 65
51 42
90 29
37 95
91 11
24 3
29 22
41 11
57 11
34 20
46 61
59 28
57 29
11 28
52 20
77 94
95 19
24 22
15 7
3 8
77 21
42 65
24 60
21 26
97 61
55 84
33 56
83 3
20 92
29 19
97 20
61 59
50 86
84 43
96 91
82 60
27 46
72 18
11 45
69 54
58 91
18 82
23 30
95 42
11 86
63 61
13 71
15 36
84 73
12 97
48 44
2 29
28 86
60 50
74 5
22 8
24 51
46 50
23 86
95 29
62 26
63 83
90 46
1 18
21 76
32 31
50 83
27 11
89 85
12 8
78 46
94 42
55 52
62 93
58 26
19 86
52 2
1 60
86 8
53 3
19 82
34 61
46 86
44 57
50 83
12 5
43 57
75 27
57 18
15 26
5 8
79 35
74 59
64 61
86 8
58 73
83 3
79 37
23 86
72 92
77 43
55 48
52 53
98 85
51 18
83 3
36 60
51 28
96 34
42 8
48 89
63 14
79 32
16 2
70 20
39 68
37 82
75 36
38 89
16 74
95 86
51 35
20 45
78 4
31 27
98 76
82 8
30 41
56 64
74 84
91 65
54 19
20 65
70 8
44 11
18 8
60 50
72 59
32 43
84 38
44 3
14 61
28 86
5 41
53 37
58 47
98 79
92 50
50 28
27 29
66 93
68 20
22 28
94 8
62 8
69 49
45 65
77 54
38 83
67 72
17 74
83 3
73 28
43 37
44 27
69 11
73 50
18 19
74 62
48 65
49 60
97 83
25 58
79 85
1 28
36 28
76 30
95 61
55 44
78 21
91 75
30 22
55 85
88 15
80 11
7 75
72 30
55 23
89 8
55 61
5 86
13 24
1 73
15 59
13 40
24 27
51 42
9 4
56 9
79 44
94 51
3 8
3 28
2 6
18 60
62 61
11 60
56 26
66 29
85 58
16 5
40 39
46 42
22 18
92 86
78 52
12 96
72 86
72 8
43 26
2 97
84 32
47 23
86 8
63 77
81 51
61 47
7 44
32 58
37 27
20 35
25 24
26 3
85 58
80 9
50 86
18 3
51 11
1 20
65 50
23 72
66 2
35 36
88 63
79 46
76 37
89 82
9 91
30 36
47 8
1 92
39 58
33 54
36 86
27 65
17 63
7 50
17 11
6 31
26 28
93 37
37 51
30 45
59 86
12 86
94 36
85 1
97 27
87 47
1 20
84 29
77 64
90 31
17 16
29 46
85 5
51 28
87 26
14 18
96 26
97 45
70 12
13 65
3 28
74 29
21 59
59 18
69 67
88 34
35 50
30 41
30 28
75 22
44 46
57 72
81 60
47 92
49 70
34 78
69 91
32 90
15 14
48 60
85 50
55 2
19 65
22 82
69 19
61 8
27 92
4 35
45 60
52 9
95 61
62 82
93 51
43 85
44 73
63 5
92 50
32 64
32 51
2 3
1 36
84 37
44 6
35 26
55 64
73 11
96 97
96 34
77 5
92 70
16 14
10 74
32 19
87 52
59 67
23 93
57 93
37 87
54 35
41 82
49 93
17 29
25 38
26 97
93 11
30 8
14 32
93 11
61 76
81 52
72 74
35 74
35 94
9 57
47 64
32 86
19 78
96 70
42 97
94 11
29 71
62 78
34 57
55 43
61 30
54 86
44 65
24 81
42 43
71 59
74 11
92 88
58 25
83 57
63 9
17 26
2 19
82 7
58 18
29 18
81 14
41 21
55 45
53 60
79 7
79 91
45 31
91 34
19 78
18 66
64 54
22 74
46 37
33 5
40 36
12 35
62 70
95 85
2 74
90 8
12 95
31 11
2 31
42 40
71 41
28 77
16 70
42 30
43 70
93 11
21 26
49 5
50 4
80 11
16 88
19 72
68 59
38 96
3 26
1 94
47 41
27 53
37 26
28 70
36 26
53 1
15 46
60 39
60 70
49 78
84 44
34 83
58 57
90 5
70 83
29 44
92 97
75 15
47 11
69 94
27 19
53 48
91 8
17 98
55 82
38 74
74 11
29 61
58 93
19 72
59 33
39 57
83 93
70 11
48 41
59 41
14 72
98 40
51 62
37 5
37 47
44 90
80 21
46 34
39 2
62 54
96 97
19 34
46 1
77 21
56 86
65 66
41 83
72 97
80 70
59 44
72 43
32 97
75 38
3 6
20 32
54 56
71 36
13 35
87 93
75 50
49 70
15 2
22 66
48 51
32 93
68 42
61 35
51 23
60 40
83 11
41 85
97 70
16 56
3 17
33 5
47 9
43 11
63 51
1 82
84 26
57 93
28 72
82 83
6 96
68 97
25 26
79 51
50 31
57 11
76 1
62 14
26 78
25 87
38 94
78 52
25 11
82 70
74 57
82 93
65 56
72 52
85 57
39 31
43 74
15 66
40 7
18 47
52 57
31 93
15 86
38 32
25 54
72 43
41 49
73 26
26 5
71 34
82 5
80 45
94 87
26 78
25 55
10 83
9 19
50 25
49 83
60 48
15 23
98 40
41 57
51 66
33 85
97 7
70 52
96 83
82 93
92 96
12 66
47 74
4 95
47 78
88 83
28 73
60 21
16 86
53 77
70 11
38 35
67 80
73 89
96 49
57 11
19 87
65 54
34 57
79 48
88 52
42 77
75 36
27 37
8 43
1 37
57 93
90 47
84 55
5 11
25 26
78 87
91 86
57 93
23 57
5 70
80 21
76 58
10 4
17 26
60 62
71 19
73 74
97 57
72 57
44 88
68 46
54 85
41 93
40 39
75 90
33 77
29 78
62 14
50 40
27 28
1 40
51 2
31 7
18 60
86 70
97 86
97 83
25 35
50 13
93 11
74 34
3 47
40 74
65 2
40 96
39 56
77 19
59 16
18 97
27 41
88 31
64 48
74 87
26 97
4 30
18 36
12 9
41 93
70 11
1 2
39 97
84 34
38 43
32 31
10 30
21 14
95 83
63 4
31 78
7 87
50 13
64 81
26 86
91 87
86 74
25 31
70 87
29 81
89 66
47 93
41 42
55 23
39 87
58 27
32 96
79 72
22 26
49 83
42 62
94 36
8 70
56 85
77 74
70 83
30 55
23 85
27 25
24 74
87 83
30 57
46 69
96 74
14 94
38 41
59 21
67 21
57 11
12 52
96 11
56 14
36 57
55 8
72 31
73 8
31 97
18 14
1 85
48 36
80 35
94 36
71 32
56 78
25 47
68 88
79 41
10 21
58 27
52 93
49 5
77 31
48 33
81 70
85 87
79 24
65 24
26 74
37 70
52 83
16 47
39 14
58 22
63 4
66 77
79 84
55 56
49 11
63 8
38 82
88 23
1 96
95 1
32 26
94 70
24 39
14 23
97 78
5 31
54 96
8 97
83 93
51 39
27 69
96 57
72 70
53 7
32 82
66 41
47 7
52 93
35 6
61 74
48 85
90 8
90 25
7 52
42 91
21 30
79 16
85 57
24 87
84 63
98 23
74 7
56 7
22 44
6 31
39 78
3 48
73 72
82 49
46 36
12 15
92 2
18 42
4 88
19 78
66 96
49 74
38 8
66 78
64 48
48 30
32 87
6 34
47 26
33 31
20 19
48 74
60 51
22 96
94 11
55 78
56 87
20 87
54 82
50 48
57 11
80 6
94 31
22 92
41 34
59 62
3 34
31 86
69 31
78 57
87 52
73 2
6 5
36 2
48 51
6 11
76 7
73 9
25 94
23 93
1 30
97 52
85 31
12 60
2 6
97 57
23 6
97 34
14 97
84 80
73 40
88 23
9 97
56 7
48 26
69 91
78 87
23 19
97 52
40 85
45 56
64 32
16 5
73 24
5 97
61 39
22 5
4 6
10 49
31 7
46 80
69 51
50 6
34 78
43 87
93 11
37 33
35 43
57 93
14 94
27 44
53 86
27 81
79 6
12 48
22 69
90 21
4 52
26 6
90 55
2 87
34 93
77 98
75 19
8 94
31 34
45 39
20 70
37 54
40 5
54 35
93 11
38 9
44 98
93 11
81 96
22 51
2 23
58 64
76 50
79 97
27 11
53 4
74 7
43 82
23 31
85 52
12 16
56 57
74 70
26 83
93 11
92 95
2 97
31 83
98 56
1 9
2 83
53 71
59 5
79 42
14 97
21 86
23 96
52 93
66 23
43 34
37 82
60 20
39 74
57 93
59 11
68 22
9 19
90 9
28 47
62 74
27 20
15 46
27 56
10 40
18 63
51 42
36 97
90 24
12 14
38 69
66 40
19 49
87 11
91 26
80 9
27 55
70 87
82 78
42 19
35 97
72 83
30 86
12 81
88 40
9 85
18 91
60 68
12 96
70 87
85 34
24 78
20 84
39 11
48 85
16 55
47 39
73 97
1 78
82 96
33 40
65 30
23 82
70 52
68 48
94 78
10 55
23 86
64 87
65 37
27 46
10 38
47 98
66 6
28 26
22 81
41 93
80 52
75 15
57 93
25 66
79 95
66 9
30 86
80 43
57 11
47 40
58 24
48 24
89 53
16 4
90 62
9 97
50 62
48 66
26 96
96 7
69 88
6 96
10 85
68 86
67 79
26 85
50 7
74 57
35 30
62 32
1 51
82 7
13 46
97 78
97 74
42 86
96 57
12 65
94 85
60 1
8 39
80 65
57 93
39 56
39 32
96 49
16 21
57 93
65 87
44 4
82 11
69 66
96 31
6 19
86 7
34 70
37 90
77 85
15 50
63 78
62 33
66 94
87 57
89 59
65 10
58 80
45 91
52 83
92 86
26 74
83 93
84 26
28 71
45 91
97 93
69 19
62 21
15 42
66 9
16 94
87 52
79 98
21 57
46 90
65 69
83 57
55 82
6 97
78 11
24 86
44 63
7 83
42 52
40 57
20 97
44 40
96 93
90 48
73 42
15 4
1 64
22 45
89 30
59 97
72 49
14 93
92 2
25 77
72 74
7 11
38 57
3 21
28 83
25 64
60 52
75 57
6 11
5 85
25 78
73 36
24 33
69 11
86 93
69 5
9 82
37 56
90 78
13 46
18 27
76 65
56 49
89 35
91 34
52 57
81 55
3 68
17 7
56 74
82 34
87 52
73 39
74 11
24 54
92 91
56 23
34 78
29 98
88 77
63 37
81 57
51 70
17 34
65 90
94 78
12 35
37 82
10 49
55 45
36 31
52 11
32 9
73 50
24 31
55 57
80 87
63 75
54 34
68 56
71 12
18 43
7 34
75 65
67 49
45 5
36 5
64 54
77 40
43 82
8 87
95 47
80 69
54 30
1 25
42 6
33 70
64 93
4 69
27 80
93 11
94 36
40 19
23 32
52 11
97 78
40 94
47 14
2 82
82 74
23 86
57 93
14 86
18 52
95 25
53 67
22 2
31 11
41 94
46 64
78 87
72 86
58 21
92 20
47 82
86 34
83 57
82 49
82 34
40 83
48 52
73 14
32 96
43 97
32 43
87 11
12 57
30 74
84 9
68 38
98 6
97 34
54 32
51 66
57 11
68 66
36 86
4 56
24 83
33 96
82 97
29 35
2 31
95 7
33 88
8 39
27 62
74 70
73 88
45 14
18 91
18 57
44 45
38 97
37 74
17 19
51 93
30 72
62 81
54 35
35 31
30 5
93 11
45 7
42 86
41 7
92 91
40 6
98 6
15 62
24 38
41 39
58 40
8 98
68 8
16 22
47 24
90 36
46 38
2 96
40 7
33 57
62 86
4 47
7 34
8 9
77 21
94 34
61 55
48 34
90 86
33 32
78 70
36 5
18 90
48 77
68 4
45 40
15 4
81 33
35 81
40 57
9 26
8 6
42 72
53 11
10 72
39 94
92 39
71 95
56 31
79 16
36 96
77 85
65 88
80 65
28 10
58 82
83 57
80 51
46 65
78 11
7 57
71 75
62 36
14 83
22 85
51 34
54 2
22 35
12 60
88 57
82 96
48 82
39 34
57 93
